1024
-12.839789 6.663225
-6.117890 9.198936
11.630067 11.083645
12.688929 13.257000
7.349291 17.661542
-17.804219 10.577784
5.555424 -6.414559
-12.064579 9.239039
-1.206752 -8.703127
8.805440 7.397360
-5.474672 -10.135565
13.124974 -10.645868
15.792704 9.676536
7.050245 13.079490
15.967132 7.916554
-9.439578 9.036033
-4.420040 -6.028692
9.502304 -7.479853
0.686749 -9.532620
1.942496 -8.032597
16.652521 -7.414607
9.660894 15.841591
-13.345916 -4.977811
4.413915 12.279505
1.023305 -12.948982
-14.413838 5.108373
10.786073 4.954948
17.245466 14.196733
-5.420451 -17.320427
-11.413053 -14.863126
19.654683 -9.036463
-0.749103 15.682722
-8.040952 -12.571223
-19.719772 3.506929
16.748469 17.743804
-18.594938 -1.495148
4.315820 -3.780191
-16.633945 2.720973
16.607299 -0.778013
-0.182796 -3.176306
11.083693 1.564558
6.031896 -14.920011
-11.612805 -11.785613
17.106025 -18.394102
-0.549417 -2.247826
-9.524743 -5.581678
6.393385 13.892325
-19.254264 9.499570
-7.978743 11.404361
-18.505646 3.403255
-16.060257 -1.424252
-5.202663 -15.619062
14.028731 -11.956598
7.826317 10.157824
13.228198 0.675980
-15.681406 0.162174
0.014704 3.073076
13.148395 8.383447
-19.648274 -10.877020
16.042030 -2.019780
-3.242817 13.379980
-2.890364 -12.068232
-5.158441 -13.353290
-4.108257 11.608463
15.949098 12.038526
5.184056 -15.401086
-9.253269 -15.682823
9.337300 -6.645981
3.426052 -19.649236
11.051200 13.690094
-12.318851 -12.608259
9.638796 -18.184686
6.164618 2.782749
-7.271510 0.149451
1.943953 7.009438
6.866587 16.836667
9.058927 -7.040770
1.856765 5.692467
13.778480 2.978921
-11.806055 -18.774269
9.790884 10.862495
0.671541 -9.977776
16.269116 -3.166462
10.985449 8.168153
-14.990244 -16.588139
7.765689 0.201196
17.208768 -12.553466
-6.459644 -11.373167
-5.733863 -5.090627
-17.436390 3.439859
9.265016 12.709887
-6.111464 -8.361784
-7.363867 -4.016127
9.312283 -7.282842
-11.634863 -1.636632
7.219955 -16.313691
-19.198794 9.478188
4.973423 6.860935
-2.789253 1.660631
-0.108903 -10.671195
8.072633 -11.626899
-15.274332 -3.270895
10.053368 -15.100259
-16.385346 0.284719
-16.054004 1.785493
-0.346678 -18.949989
9.636880 -15.870135
-3.707969 8.286713
-7.359280 17.366165
-1.778606 3.416845
6.326341 -7.790019
-10.011641 -7.499765
-2.120883 -18.457533
-3.814351 13.350157
-2.078841 18.565719
19.793322 14.441598
11.686155 -8.307319
7.612117 6.429466
-15.403384 -8.254125
3.246080 -19.907836
14.680679 -6.670243
18.675652 16.697863
-6.000760 -2.408107
-3.536883 11.702695
-8.513026 -2.247623
19.954848 7.283185
14.429163 -19.709451
2.070574 9.969981
-14.403351 -19.694757
10.058019 -9.210428
13.767751 -19.506633
8.144707 0.654540
-1.984608 -14.295162
7.219776 7.988541
18.654941 6.733010
-8.139917 -12.803604
-2.295446 11.012062
9.254709 -19.693947
-3.508811 8.113203
0.850454 -16.962894
-19.833061 0.450207
-6.468249 13.962727
15.440738 8.128335
4.572868 -5.431269
-5.096046 -12.931899
17.765284 8.272553
6.088773 -13.041754
-1.866723 11.285633
-2.304279 19.838197
11.566584 1.210388
15.972800 11.809369
-10.319756 4.654381
-15.844815 -14.359753
19.618725 -8.981398
-15.347410 6.071950
4.071532 18.600842
-6.428078 -1.815363
-12.761750 14.976573
13.649477 14.672085
7.590108 -3.696715
2.841059 -3.846373
9.063542 -14.333236
-2.767793 -11.051719
-7.259227 8.703171
-19.305138 11.408089
9.122440 6.209505
-15.252653 5.342206
5.478561 -12.446164
14.135615 -3.003828
-7.115807 6.535967
2.553293 12.070687
18.871075 12.518143
-4.168300 -1.293098
13.227609 -1.726020
3.633683 -3.520228
-15.020344 -7.216707
9.212483 -13.863173
-16.135275 15.030477
-6.296498 -12.886997
-1.159700 0.040227
11.557162 -3.452831
19.287363 -14.336118
11.205670 -4.019301
-19.820166 -12.535686
-7.492547 15.829054
-10.976634 -5.273991
8.502541 16.233577
-0.423314 3.090061
10.508745 -7.016471
-7.525164 -19.867527
5.262693 15.458301
-8.919321 -1.556997
3.635004 16.260434
-16.720757 12.904058
9.984167 -0.199619
-2.290461 6.770491
12.532622 -16.196794
-14.322644 -3.968916
-18.542549 7.901530
9.937595 -18.774351
13.594851 13.670795
-13.392382 -17.437401
-4.747087 2.802694
12.368369 19.099723
-15.320979 -14.178011
-0.438760 -2.512453
9.879310 17.233203
14.252425 3.184902
11.566865 0.972471
-8.424756 15.823063
-1.238484 -9.970516
-6.860219 -9.189134
-8.406128 11.340897
-0.183815 -11.443805
-16.422900 1.479943
8.253146 -10.083373
-3.871235 10.804183
14.572994 -16.714945
12.292339 -4.185981
15.518519 -19.672759
-4.321637 -5.502554
9.745884 -13.991254
-7.864610 7.729322
-1.830678 -19.035570
10.098755 -16.723886
-5.003807 14.832361
15.510656 8.853077
-10.075909 -11.605553
-17.103294 -7.689042
-1.453845 4.916207
10.001525 2.910242
-14.752059 -7.003885
-7.015799 -13.680218
-8.594107 12.786178
11.441813 13.129951
1.199495 1.456147
-19.366696 -9.569837
-1.217055 -4.319984
7.447199 -13.738388
1.904515 -13.596967
-5.208621 -6.228178
7.393344 18.806761
-5.496135 -19.217985
18.438059 15.228133
13.298287 -18.293728
17.981386 -10.349838
4.398954 3.451213
-0.637973 12.623700
-8.564845 -5.041485
-11.915175 9.806049
-12.464817 -5.319088
-2.126642 -17.388257
-19.179865 -9.142856
15.457861 -9.439054
-14.941367 -7.602753
6.261717 -17.807733
-13.704732 -5.172419
11.526320 -9.005137
-15.939564 12.121837
18.145286 -6.490332
6.529830 3.686550
-10.007188 -13.619423
-9.036871 13.659978
7.661848 4.695519
-9.968218 -1.889116
-16.088715 -5.132827
-14.281014 2.564017
4.730336 -8.044862
11.963544 -13.731250
-8.986476 -7.410975
7.284112 -3.416926
1.799235 18.366536
-3.007489 -9.965020
-19.984244 5.348009
3.884088 -5.067954
8.044257 -1.648489
-4.803607 -12.764376
-5.540130 6.071853
6.632172 12.214282
-2.140664 9.644632
-5.930010 -12.676904
-8.775792 15.717149
13.821814 -3.644310
14.002251 -15.005696
19.303994 -17.767041
5.430328 -11.926529
-18.288149 -9.760632
-9.426991 10.014592
-1.861101 0.529225
7.630312 -9.948322
7.050158 -6.739658
5.343444 -12.987504
14.154288 -15.528711
-15.939390 -1.629369
9.775790 4.963014
-4.117875 16.173294
11.542876 -3.079609
19.131653 -0.474373
-14.781829 8.325411
15.118801 2.131010
7.432251 -11.137667
-10.863868 -18.694219
13.854345 19.121127
-10.116136 2.088616
-1.882622 -18.536417
6.627334 0.912931
9.037953 2.099097
11.847397 8.472161
7.631816 -14.321257
16.947356 8.966960
-15.553720 6.641267
-0.728778 -7.554825
13.054413 5.626412
-15.258069 -12.003627
-10.288807 -12.090876
-6.213017 7.873072
14.324393 -16.583542
9.758923 2.512306
5.919221 12.940743
7.279136 15.211120
-5.113267 -5.009968
-9.278304 7.825423
4.742428 3.016610
10.506700 -13.817030
-2.062815 8.863990
-11.937069 6.744995
14.362610 -11.615717
-14.441918 10.459926
1.989333 -2.542129
1.792659 2.250975
-6.695981 2.609917
13.518595 8.581590
3.196071 18.308299
4.078909 -4.080686
-7.185755 -19.979893
-10.193717 -4.749312
10.083739 -6.896634
-0.288704 -16.139953
-14.224698 -7.685569
-0.073368 8.033443
16.806465 16.538778
-17.539828 6.244694
-9.691775 6.869063
2.866391 4.588653
-15.540881 -9.753427
6.038985 15.432296
-3.664971 13.693448
19.738353 -2.279434
6.308833 17.642627
-3.015346 -19.614820
3.749181 -3.042234
14.997512 13.038667
-2.083534 12.077272
-17.423123 2.421406
-7.580406 6.507553
-13.719578 -6.842302
-4.182125 -2.775642
-7.134050 12.794695
-1.842462 -3.413158
0.002835 -15.911766
-1.920087 19.302716
15.709107 6.162447
-18.890697 -7.036235
7.674922 -11.650207
0.603530 -1.647460
13.293968 3.311468
-11.660991 1.807560
-15.267245 6.929119
-2.910285 -13.074453
3.799710 9.358255
4.310293 -2.836424
-16.455480 10.115685
8.695293 -5.049545
13.920463 17.768350
-1.620274 0.642289
14.197720 0.155031
19.490294 -10.030715
-18.312535 -19.090262
14.620144 -4.874999
-19.792178 -13.098002
-9.287300 7.368417
-17.034621 -17.983809
-11.569668 -8.190566
-1.805099 2.571585
14.614007 -17.999449
14.901178 12.098905
1.832837 1.321976
7.045265 -15.465353
12.641044 -8.199289
11.967630 8.618830
-11.726598 0.493998
18.476284 7.983644
-2.959236 -19.624188
7.474245 -9.139519
-19.339035 4.436743
6.191566 -10.150920
-17.150527 11.131931
14.159471 -9.372618
19.196346 1.063314
13.910669 7.658487
12.900199 -16.792440
19.500892 -13.085995
-9.608386 17.510775
-6.880955 -4.621531
13.544103 15.060546
-3.044352 4.065378
15.576529 11.252010
-18.097508 -10.065644
-7.280670 2.184553
5.817843 1.662778
18.710237 -11.351127
14.065180 -13.040664
-17.729223 -5.687319
5.377687 -13.367401
0.605834 -9.195309
-2.358932 4.792013
19.478787 10.732176
1.679194 8.826997
-5.432814 5.430069
6.058859 14.798511
15.416456 -14.297637
17.233932 -13.505026
7.509953 7.594733
-9.833036 13.375356
-6.838121 -18.038411
-6.468307 -19.441586
-1.936383 -9.970137
-3.028341 10.224834
11.446649 -19.012205
13.507313 18.512907
6.089727 -15.708931
-18.928953 -18.807632
-7.590404 0.713801
15.236214 -2.078572
11.963142 3.580075
-15.855288 14.527120
17.733117 8.242746
4.580210 -1.928893
-3.049849 2.791270
5.047463 11.219849
-18.265975 -12.966878
18.448453 3.615445
-12.381921 -3.434030
-5.214353 18.935318
3.634897 16.622457
4.415353 -16.463259
4.495288 -11.020549
-11.975031 -9.618640
2.104800 11.795832
0.545407 -6.329134
0.474767 10.933694
10.683816 11.244266
-1.842894 -14.654484
10.710456 18.616595
-10.442745 6.965365
12.408772 18.253141
19.220601 11.518689
-6.702246 4.580392
-3.601703 -18.926059
1.133467 10.371623
17.986748 -8.917956
17.432295 14.544734
1.196547 4.969706
12.769391 2.115377
-8.189873 -18.758795
-11.529366 6.716837
15.958207 7.708989
3.553060 3.150479
-14.257543 -16.688316
7.810422 4.951007
-17.160625 -0.079088
-11.817087 -11.994204
-10.315262 5.602591
4.704157 4.823776
-14.464707 -6.596087
-5.762789 -18.779201
-2.426717 -11.460009
13.642457 16.955592
-5.024015 14.937349
14.253310 14.532013
-10.559057 -13.508501
-14.007131 -12.542101
-10.750888 6.374308
-0.719551 -1.389842
-11.739003 -1.288743
-4.800607 6.906298
0.667976 -4.563290
-15.347250 -16.369229
-16.674002 3.244117
-5.474511 -9.644386
18.823383 -14.960721
4.649387 5.900115
6.589112 -6.138824
5.547752 -6.970248
-19.413494 -15.637332
1.478348 3.990256
13.180623 -6.101399
5.246900 -7.379603
-11.342781 13.104308
-8.310663 -9.953319
19.190142 -8.880048
18.721429 -15.605185
4.393837 12.715696
13.701352 -15.895183
5.891610 -8.607761
-18.985401 12.030112
10.032805 2.748298
-5.152590 -14.068156
-2.192378 13.914442
-12.563793 10.291180
15.940659 19.844404
11.136170 5.041766
12.877280 -5.628670
-11.770834 3.002854
6.907258 6.313688
2.848772 -18.594901
-19.700359 -17.874810
-9.649861 3.449384
2.674154 17.553773
-16.843255 -17.449079
8.076380 8.350685
18.590220 -14.127986
7.087385 14.911729
-14.187306 1.703650
1.720317 13.460866
-14.939629 4.128955
-3.036650 -17.535235
-5.155320 11.469937
8.846991 -6.386018
17.573777 5.737264
-9.688095 -16.937149
0.161857 -14.125867
-13.169071 11.818980
-5.331293 -16.594819
16.304784 18.822463
-19.992026 -2.842547
-17.881520 -8.331472
17.287885 -12.300998
-10.099253 -8.244967
13.720254 18.586981
-16.311674 12.593217
-11.933707 -4.794120
-4.649870 12.839283
5.518441 -6.787099
11.430234 18.178239
5.746829 15.037235
5.211121 14.971833
-17.449029 4.838916
-8.695469 -16.364549
18.241065 0.351795
13.216192 -18.231290
19.869776 12.522146
-5.734767 1.882040
3.724299 -1.768283
2.252131 -14.035217
-16.979159 -0.261355
7.866019 4.895192
-4.233711 1.846251
1.876631 8.225506
-11.360975 3.689590
-0.261869 -13.245318
-5.159745 -19.751670
-5.159302 -18.111651
13.623907 -6.037227
-3.216322 0.048850
7.391706 -8.378987
11.525607 -7.865513
-1.456329 -11.947307
8.270554 -15.831888
9.891061 6.317093
11.963463 -12.437871
-13.249820 16.741827
14.501602 -18.791417
15.425516 -10.851792
7.167092 -19.325566
-16.969817 3.380833
-7.937879 11.433173
-6.130711 -7.286169
-12.963484 -12.999994
-14.390169 7.142476
11.403809 8.706490
10.708800 8.809388
18.880925 10.482168
-12.548091 -18.490941
-8.248666 -2.631677
9.739854 -12.715245
17.572172 4.403048
6.485029 -6.294295
6.974429 -0.645601
17.416710 3.326531
3.957187 -2.018401
13.656587 0.414323
-14.457589 19.990339
3.172646 -15.893151
8.094540 -9.149995
3.634710 -1.627787
2.978754 -9.602179
-18.842409 17.609895
18.562894 -12.125536
2.453698 -18.888551
3.052186 3.635465
-6.882580 -17.213289
15.632518 13.757185
-4.635356 11.075397
12.564138 10.031728
16.938921 14.502373
3.614874 4.863710
17.036790 -17.702281
-8.935945 13.757219
19.095065 -3.583332
19.147846 -9.388546
1.300160 5.878437
16.655760 12.381609
-8.659839 -7.341934
9.083908 17.625039
-0.947664 13.511144
18.905543 16.397616
8.004028 -19.078670
11.072789 -1.529902
2.886997 4.816969
19.132873 1.714569
5.098483 17.594341
-15.022093 1.008555
7.827765 -3.657833
-14.057533 -2.025670
-0.480613 17.071081
19.067884 11.890082
8.961568 9.976711
-13.684635 14.487082
-5.653055 -16.784282
-5.398781 13.715242
-18.734797 -14.869436
4.399186 13.096727
-3.011385 8.471146
13.046124 18.816477
-9.740024 11.489518
-9.308657 -19.873476
14.860813 -1.392966
-5.638878 3.727006
-19.303643 -9.257628
-16.501017 -9.030552
-3.467671 16.199122
-11.442017 -4.788819
-3.185864 7.443187
2.626197 -4.001365
-18.227095 -14.288835
12.575234 -2.937425
-18.351154 4.819361
-3.363409 -15.700398
13.625464 -15.144103
14.710780 -4.464277
1.900071 3.025206
-11.799932 9.385916
1.691114 10.781082
2.783019 19.278977
17.587982 18.395193
14.736529 19.369595
15.102193 -10.731424
3.065618 3.758749
8.348427 -5.477896
1.508636 -8.982722
13.825288 -14.976425
-3.374191 -11.226828
2.476356 9.562002
12.275663 -19.145815
-6.619286 17.251305
-9.134672 2.399021
4.463682 -3.917963
13.099388 6.722020
14.561341 6.419766
-0.856872 16.005650
1.103289 4.231657
10.306443 12.385513
9.370524 18.189725
3.462103 11.627814
19.134489 -3.425689
-1.818763 5.870246
-4.973026 11.424794
14.010138 7.157345
-6.111951 0.216771
9.257586 -19.350456
6.764708 4.764580
5.610987 -1.745487
-11.092718 -13.040752
-8.170785 1.614577
-1.749364 15.477077
-14.067567 6.123694
11.411291 15.856893
18.188868 2.685055
2.108460 -19.839855
3.008695 0.914955
12.184417 11.839527
-0.315075 -17.453487
10.823049 18.681709
6.510325 0.638400
19.597056 -3.072047
5.578063 11.018996
1.923675 -19.840510
-16.010818 -16.296017
19.977156 -8.813426
10.538918 -17.209009
18.717825 -12.621715
-2.782443 1.450192
9.148815 13.315304
2.753807 0.716140
4.211350 18.609599
-18.251123 -5.076928
-4.370363 7.321139
10.934387 -5.319346
12.246281 11.382138
11.152616 -1.478708
13.502144 -10.742249
-6.403626 -8.260741
-17.897452 -11.001932
-2.999107 6.857254
-19.393049 14.237014
10.996583 9.486574
7.900243 -4.946674
-15.501942 -12.812474
12.710219 6.456331
-18.414718 10.977893
13.678722 -5.661958
13.769412 8.787250
-7.808186 -16.091498
-3.341687 -9.949194
10.103811 0.043442
-16.950247 6.877783
13.807854 -8.976616
-4.971138 -17.333512
4.840073 19.834376
-5.581199 -3.054942
-4.608228 8.865795
-12.399708 -18.485787
-19.203104 -7.447874
18.101141 10.667515
17.924398 -13.997781
18.393311 4.028016
-19.802274 19.768289
0.744467 10.998616
-3.651299 -19.961877
-2.321130 11.035426
10.715419 -6.734716
-18.225693 12.698371
-15.580733 11.517614
7.950932 3.279114
4.117961 -18.871848
1.010035 6.237107
2.001427 12.304230
-11.542515 -8.720576
-10.025807 2.076166
-10.360970 -13.472350
3.272260 5.053203
10.397677 -17.561434
3.269543 -10.016658
12.473963 10.244454
17.886525 -0.455962
-4.468541 -15.649864
14.688587 17.993217
-10.760886 -14.281178
4.854377 -16.272988
2.603726 -1.182226
-12.322724 17.548349
-11.915249 3.317967
16.346073 -4.077788
15.445126 -6.785156
17.602481 18.383478
2.094973 -11.198041
5.418723 5.330601
16.251976 -6.511051
-4.086319 8.417951
15.438722 -0.322103
18.824155 -8.697796
-16.072775 9.986018
2.002496 -9.150014
-4.528239 11.519510
15.458789 -1.550562
4.364001 -11.975757
17.940225 2.234223
-8.881687 -10.998383
-1.183250 11.259758
15.942039 -6.368673
-17.457143 5.872198
4.033672 0.267904
15.700585 -11.807953
-1.589930 -14.353562
-10.004371 13.563849
8.415753 8.714072
-6.444277 18.471375
0.336709 -15.867657
-14.673724 14.263554
15.361349 -6.630963
2.933612 9.607170
-19.843082 14.664725
17.651805 19.571557
-17.442401 -19.393806
8.686314 -5.056732
19.156939 5.243616
-19.919882 -5.575009
-18.791147 -16.325180
2.470707 -13.274892
-15.033130 9.671617
12.349772 -17.169911
0.422799 -11.397841
-3.514545 5.485858
5.268886 10.131310
1.526406 -12.373400
1.175217 -17.297000
16.123785 -9.578258
7.728966 8.959749
-19.999353 -5.332288
-16.694712 12.553757
16.286116 0.964545
3.141824 9.950004
4.242975 -18.434918
18.352794 4.603767
-4.393600 3.177122
-17.032707 -3.895959
9.069885 3.933401
-10.911335 16.640495
-16.161213 -6.956463
8.587073 11.766039
-15.980482 17.523937
-15.772835 -19.107808
-18.260325 14.350684
3.231826 1.029240
19.958906 14.439314
19.197169 -0.668259
-17.582298 -10.155710
-13.233384 5.002847
0.903431 12.281569
2.553567 -3.714777
-12.592723 14.098303
10.940716 19.237668
-5.342212 0.356060
-9.100582 -16.205353
9.863354 1.963944
-1.846806 -12.722070
5.074445 17.309224
17.169237 19.093469
-0.023473 -17.130060
0.989550 -2.983171
-2.651211 16.787217
-0.562591 6.198097
8.684338 7.010704
15.300286 -9.876778
-3.826538 -17.807032
8.791610 4.126489
19.679220 6.328440
-5.353428 7.853000
10.800723 3.699220
0.206927 2.918703
10.009299 5.731370
-6.865447 -9.503609
7.125311 -1.125837
17.087405 -18.304826
15.964500 -9.097417
-3.749711 10.844641
-8.300262 0.267131
3.140853 -11.265097
-17.789872 -14.670279
14.371453 18.765387
-3.694414 2.008678
-11.827170 17.882514
-2.570406 17.436194
3.909129 4.009845
1.279780 -9.917833
0.695403 -7.953857
19.072535 -19.062886
12.288700 7.716551
-15.197244 14.372705
7.013462 9.195316
-6.196162 -11.210986
-1.097075 -18.659769
-15.135690 13.092990
-1.543331 -12.086245
14.854469 10.627266
-2.193394 5.385187
-5.239101 10.053532
-17.671409 9.337469
-8.232578 12.336842
7.399913 13.331599
-0.449854 -17.368358
7.318182 -7.970472
4.426636 -2.420567
14.836818 15.308633
-9.867937 -18.576096
-2.404415 6.636847
9.792588 6.498840
-4.998323 -19.449554
19.028260 3.900169
6.180844 -13.730498
1.555701 -12.794546
0.561954 -1.511940
-19.274684 -13.748935
5.741798 -9.890462
3.967812 -2.911843
-7.586934 19.018064
-18.589874 1.756384
19.492060 9.889499
10.528156 -10.841314
-11.777579 8.549742
3.331933 -19.603196
19.514054 17.192582
-8.178155 5.255403
-18.351719 18.421586
-0.652329 -9.416279
1.180761 10.481645
1.849851 3.895401
0.646022 14.339485
19.136504 -15.167670
-19.768104 4.042505
6.612794 10.760074
13.900858 -8.387436
17.332540 -4.584263
3.926151 5.372192
6.565273 13.812249
-11.890885 19.759523
16.820790 -6.337074
-18.180875 -0.763584
-8.847198 18.781724
13.476894 9.150679
-8.977430 18.420783
-14.234510 -10.107217
15.619137 9.825121
-13.743660 -18.767447
-9.701816 13.995576
-0.022259 -17.417390
2.706689 15.395524
9.771694 3.954468
2.444801 6.699438
17.935601 5.330049
-6.449710 13.362082
16.402198 1.882479
-2.199160 15.791560
-1.702504 12.038863
9.266027 -17.068936
-16.812235 -18.444880
-19.437506 -17.038655
-7.235967 -8.369812
15.379166 -15.833838
-16.422900 -5.512264
1.877231 1.227974
-16.381973 15.490727
11.430960 -10.032023
1.614938 -18.802160
-13.085297 2.697429
-4.481217 7.059359
-6.869974 -16.211458
-15.369438 17.770032
5.599892 1.217258
-13.268756 5.187889
9.381799 1.628842
-18.613711 -19.013288
-13.481006 -7.203531
18.654488 16.928486
-13.378006 -5.859230
-1.313122 -6.006824
-4.146624 18.883764
19.145531 -19.040488
-17.650759 3.938524
-10.407635 -5.667005
8.606376 2.855850
11.357252 4.551649
0.223865 -15.628643
-10.661773 12.101962
4.876354 7.508684
-5.483891 -19.590346
15.535085 -12.931111
-1.937032 8.772990
6.149799 -13.534842
9.935988 9.721645
6.103785 7.383755
-13.287074 6.860131
-5.164883 -13.702851
-6.485610 4.527542
7.250538 -2.065098
-6.132202 7.285282
-11.958385 17.610532
-11.227798 2.819215
8.817802 -9.986163
14.266429 17.217809
-9.919994 -11.692688
16.354518 -0.121351
-12.579497 -18.001884
-3.231379 -13.831108
-2.940704 -6.846240
-11.476710 -14.997549
5.507360 -15.765436
-13.277230 9.126742
-1.438592 2.615187
-8.424951 -18.516024
1.552371 2.520585
-7.804313 -10.745739
18.864554 -19.305781
-19.211391 12.515714
10.182397 5.692409
14.290074 0.287888
3.773636 4.180176
-3.383023 -13.584256
1.954149 4.822867
-8.658757 17.070784
-12.755571 19.075777
2.478273 1.032327
-18.557380 -14.767969
-6.909203 -0.528006
-2.712866 16.558547
-12.802955 4.592616
15.712110 -8.919561
-3.548239 6.839575
19.116987 -6.299296
-16.455711 -19.802123
0.126751 -15.142000
-6.864078 -18.625833
-2.246114 -18.843028
5.697361 8.105662
14.836734 6.998879
-10.951610 7.746074
-8.138348 15.252040
-3.982750 17.714798
19.816204 2.179498
-11.027893 -10.688043
8.154739 9.256217
-19.389230 -2.970652
1.718020 -9.829738