256
-13.682589 -6.413377
-8.819056 8.886536
-0.232087 -2.741532
-8.847288 -17.127966
18.703434 -17.069625
-14.546537 -7.514217
11.132598 9.075280
6.630853 -14.717699
-6.078841 13.432523
15.905269 17.972282
-15.010927 -10.516718
-19.628699 10.598406
5.682907 -16.160138
-13.365252 6.824522
9.843905 3.992511
-18.603353 4.407411
-4.733791 18.589112
-5.278527 -6.775093
15.040452 -17.926111
4.684364 -19.449889
15.570595 10.089489
13.851152 -9.716955
-18.571506 -7.694877
2.723059 9.603902
8.671289 12.821594
-1.643234 1.464073
-1.085922 15.581779
-13.154079 -3.246565
-9.476183 -4.124637
-17.805740 17.789583
2.768880 -15.266019
-8.564718 8.048958
-5.520372 15.936612
-5.192924 17.840864
13.577557 16.628472
17.276180 -14.460937
-5.507421 19.200256
19.618224 -6.942280
-2.281767 -2.418995
3.889149 -17.348806
-2.081163 15.661852
4.057824 -7.870288
-3.647065 11.774723
16.987779 -6.270878
-19.637897 0.714801
15.327802 11.961513
3.714274 -7.303311
-14.304050 -12.988512
-8.323660 -19.017598
13.858747 19.108817
-13.356423 -6.408590
-4.410691 12.740561
-16.658399 7.540047
2.644940 18.256570
4.695846 -10.587797
-17.953284 -9.676506
-12.048483 4.573106
2.386170 18.944545
-10.132030 12.092901
5.277515 19.447143
-17.312294 5.455355
-2.891107 -9.476984
16.302947 8.850603
7.736786 2.825567
3.558136 -14.092135
12.559748 8.371361
-17.863794 14.717708
-4.835718 9.364715
8.251246 -2.754252
14.919127 16.917821
-16.670862 -4.777433
5.038829 4.373644
3.674701 3.317510
17.220822 16.577467
-11.342942 7.648338
2.607707 -9.821910
13.219498 -5.065982
-18.069725 -15.210008
2.714862 -10.766091
-12.590884 -13.221787
13.116527 0.363567
13.869086 -4.741839
13.775321 -7.777396
-1.666727 -15.150507
15.084854 -8.182425
-6.376536 3.463634
10.183189 12.863750
9.960720 -12.481221
-8.533571 -8.558275
17.125185 13.308482
-17.664131 -8.064037
18.982270 -18.094756
-19.817203 -6.975126
11.511496 11.995129
-9.549483 6.743692
-1.662170 -10.174528
5.827904 2.096126
6.420660 17.991993
5.236433 -8.904242
-18.867945 -12.876349
-12.527911 -8.668429
-3.512937 12.893801
-2.578123 7.730870
9.916285 -1.749077
-0.513168 -13.704953
-2.432135 -10.987077
-11.299018 13.186467
11.207393 -2.394968
11.008603 -4.939797
-9.861280 -5.734510
-19.962412 10.139798
4.480041 13.520095
0.435145 -16.237446
-3.627354 1.532949
-14.052550 8.790044
5.931822 -8.401043
0.338153 -9.938367
16.378108 7.418091
-5.031190 -6.677939
13.542553 -2.763670
-13.494606 0.905493
8.191842 16.769515
1.103816 5.712268
-6.347300 -6.384578
6.645921 2.081338
-18.357372 10.299953
4.265649 -9.816045
4.332108 -18.254708
-3.219779 -4.506907
-10.025535 -13.697634
-17.360284 -8.261756
-3.667432 18.984906
-18.476739 -2.758329
18.126985 14.434709
-6.504441 6.432320
-19.074345 4.454984
-7.553064 16.083378
-1.707044 -1.066478
-6.920022 19.752370
-14.742349 1.190417
-8.647425 7.604043
-7.085812 -14.071647
-14.337827 -2.162028
6.092275 15.930926
13.229951 -4.851287
-16.506986 -4.419643
16.368792 -17.277300
4.874647 -3.349183
-8.375218 6.577389
10.506583 16.924037
17.998647 2.422914
0.761888 -13.836111
-16.081732 -8.826036
3.243670 8.679328
-6.010157 11.648659
-15.013661 -12.446824
-11.750270 -17.785520
7.018369 -6.045484
-8.364871 14.831086
15.613270 0.454463
4.387737 -2.290080
19.623991 11.802911
-4.924257 18.406218
17.039717 -19.811692
-9.854279 15.690106
-6.680357 -10.804060
13.631685 -0.707510
-14.698458 7.522828
15.138257 -11.464971
0.404328 8.109400
10.420475 -6.224232
19.620408 -0.454126
-3.154433 -13.926906
3.858310 7.294065
1.423265 15.214862
4.312438 -8.102010
-5.494118 -1.857430
-9.965162 18.498450
9.597938 10.707506
-7.058427 -12.639422
3.006116 -18.592160
17.353479 17.632276
-5.906598 14.864806
-2.551012 -15.074636
0.413423 4.952236
19.330669 16.327880
3.937858 -4.905918
-8.291183 -4.570100
4.806622 -12.506505
-9.993775 12.504564
12.345697 -17.873297
5.943180 -7.238916
-18.487439 -17.750972
4.470444 -8.882072
19.195179 11.511133
-15.097669 -8.021026
5.394595 1.240264
11.094917 2.472664
-9.072317 16.256940
15.894991 -11.837273
5.763689 6.790084
8.012967 10.883042
-14.110413 13.248900
-5.937078 -8.578908
-0.369986 -8.192791
-16.417383 -7.358928
-9.526603 -0.806122
18.080351 5.379577
14.241854 -4.309985
-19.582446 -9.496723
1.428380 -7.630837
-19.051693 -6.201849
-6.286657 -15.971188
-11.266270 4.705097
2.782477 7.176671
14.634925 12.572233
-14.191367 0.225306
17.091724 -11.333326
0.233811 -6.121573
-1.417446 15.743711
13.681428 -14.642675
-16.211515 -16.312340
-10.409809 -3.588502
-3.772763 3.684662
7.182067 -13.193351
19.750666 -13.579892
-0.483970 -12.456276
-7.385643 -16.384103
9.944140 12.153019
-0.846488 -7.317058
9.232283 6.495573
-11.773556 -6.658169
18.651118 -9.271372
15.169757 -3.241789
-1.890602 -12.237287
7.456433 8.915988
-10.241775 -15.520203
15.558387 16.101510
8.199657 14.819330
12.934189 4.497134
-13.382863 -17.284908
6.804926 -10.503144
-1.076402 -8.778783
19.044714 -0.488057
-9.051626 -18.857249
1.677962 7.287274
10.718007 12.021539
-12.650327 16.846050
1.230445 7.916288
-14.305123 -0.485107
-12.093030 13.461664
13.420376 2.513248
12.839173 -3.790146
-14.144423 -10.573516
3.460482 11.736657
4.769085 -4.602131