64
8.814797 17.904810
3.496143 -7.432134
1.763184 15.291679
-7.630501 -11.819299
-14.289787 -1.790581
19.810495 0.648633
-12.348499 -6.726904
-13.259044 -4.682909
16.073265 8.533610
3.812199 8.482031
5.573968 -19.622239
-16.314575 17.770617
2.011000 13.989965
-14.105592 17.136243
0.177879 -16.820812
-8.917630 18.765761
19.087487 12.965402
3.613456 -16.431140
9.634349 -4.510695
11.785990 8.069957
-5.162586 -18.618485
-6.941587 2.963218
9.382743 2.424209
-6.486446 9.335182
3.274814 -9.024551
17.508240 12.309116
-10.537266 11.536881
-18.535727 4.756232
19.339270 -13.895966
0.010315 6.582030
18.249354 -8.948520
2.507942 12.124636
3.698216 4.797324
-7.059007 5.465137
1.029368 5.951583
19.816657 6.074068
-9.650670 0.682674
4.050274 11.000760
11.948789 -13.704790
-14.852936 8.179128
-12.758474 -3.315884
-4.808099 1.568302
-7.122382 13.671268
0.396225 -16.885508
11.979597 15.622790
-0.612258 6.552985
-17.073780 18.544036
-8.070162 14.818176
2.425673 -11.514679
16.016030 -4.556267
-7.002555 18.972749
-17.389377 -9.448563
-0.054082 7.081130
-9.948946 -10.300327
1.224905 16.498955
-17.295207 -14.925227
-5.905647 9.999560
-13.251712 9.175591
11.157256 15.581451
-6.662477 -10.470317
4.487574 4.431960
-12.232483 13.900249
1.343959 18.449825
-3.522503 16.467287