128
-5.887746 12.748600
3.730318 11.713290
-4.761711 17.230720
3.406854 14.456505
-12.096788 -11.608721
19.689985 7.291944
-17.644023 -6.661004
0.551841 6.352745
-10.263218 -17.198464
5.221896 -0.755391
-17.407592 6.288594
-1.631820 -5.536964
-5.934578 9.378759
12.777502 19.174787
-7.321041 -6.425435
-11.641641 -4.260878
-15.964313 1.729334
15.020652 -6.319785
19.226441 18.408880
3.651681 0.695575
-13.003804 8.088835
6.559522 8.610372
-19.926543 -0.659690
-7.768128 -10.892195
7.318019 -4.701410
-3.140736 4.570327
16.105017 -5.612188
0.824650 17.757261
-5.872425 12.966920
8.299166 -17.686443
16.593160 17.815592
-12.006996 9.647913
-0.988692 -15.146762
-13.051903 -16.178394
9.860623 2.626300
12.748144 -5.357129
17.253273 4.934074
19.724533 9.213147
3.252750 13.635800
10.036969 -4.321542
-3.510312 -2.033435
-10.197376 -18.918672
13.300955 16.263175
-1.245524 -16.443634
12.117398 -17.181819
-15.209545 -13.711827
6.702316 7.782416
-19.809016 -7.194042
4.366252 5.395233
-1.511355 3.138658
6.201374 18.016710
1.413334 10.759378
13.720072 -1.317505
5.069157 8.013356
-14.517327 0.370001
5.621442 19.477744
-13.351781 14.249304
6.973944 2.533951
-18.082990 -4.459494
4.497262 1.572601
-10.914944 -5.247325
18.438273 5.537998
14.930677 6.818743
7.388531 -9.748595
-9.806101 -11.503106
5.390415 19.252898
-11.399894 6.744134
-3.867820 3.639411
-0.995744 4.604032
-0.342453 -16.501274
16.638294 -9.871286
-17.584760 14.181698
15.654170 10.680809
-10.282611 -19.549357
3.730248 19.792886
-14.775646 7.925607
0.117429 15.902903
-12.866855 -5.051487
-14.676430 13.932393
18.964864 17.710222
9.423745 -15.154473
-16.604496 4.108665
-8.258654 -3.460795
10.984153 -0.473144
-18.424099 12.875147
-11.385808 15.838868
5.317842 1.786936
-0.713645 15.430233
-12.331126 2.362073
13.297444 -13.990093
3.193785 -16.384830
19.876908 -5.870981
7.471047 -0.819945
19.973988 1.083543
-2.146071 -5.036189
-14.975355 11.039991
3.352578 -9.461462
-2.842911 13.333452
2.747281 -15.792865
15.952664 14.763255
-6.044315 14.334177
-18.017532 14.910564
8.610438 6.686181
-10.886608 3.791872
-19.125582 -0.957417
-12.109771 -7.650008
-0.265302 5.772165
-10.542065 1.478864
10.758356 -3.744134
8.255302 -10.381189
-1.527314 -17.679616
0.460123 15.746686
-1.970369 17.581189
16.361991 -8.261538
-19.507872 18.969639
2.937061 16.408270
5.361493 7.919841
12.923574 -1.505974
13.807383 -15.355515
8.553849 -16.123241
5.447798 -14.011955
5.986023 6.765814
-3.813787 -10.377316
3.303640 8.807672
19.561923 -0.620122
0.853249 -10.779635
9.967758 12.057278
19.455999 12.245936