4096
-7.290232 -5.595173
-10.642527 -11.648794
-15.070834 13.643869
17.212098 13.570375
15.536210 -0.529063
3.935551 19.485062
-12.235975 2.085271
-9.525946 11.985127
12.992790 8.882662
19.557292 -12.530318
3.085973 14.172728
-17.162770 -19.246960
19.446696 2.640285
19.783478 4.743636
-12.243117 -15.639187
-19.697412 3.843364
4.344200 1.059660
3.702022 12.762711
5.594475 -8.193189
7.801281 17.797934
11.400900 1.231660
16.181200 6.988087
3.147227 7.386741
15.396752 -14.718352
19.853070 -15.867391
9.622131 4.871219
0.669897 12.563168
19.869558 -0.639877
3.579780 14.264363
-1.484146 -10.880120
0.416251 -4.004598
9.971681 5.920285
-12.187558 -8.456945
0.478023 8.683174
-4.797574 7.695680
-7.030321 -15.773488
-5.984965 -11.137267
-11.926191 5.559067
6.089512 -4.222597
-9.905288 -14.834283
3.736081 -4.977668
-9.764285 1.417482
-18.835598 -16.883125
-1.038924 -10.456957
-18.948632 -2.134689
18.709863 15.120153
10.857829 -1.119679
4.114056 4.833709
4.595407 12.569839
-14.143007 -15.956118
7.127883 -19.478644
4.820040 8.962040
9.560926 -4.089610
-0.036352 -13.514744
15.936187 13.954036
8.915020 -6.789285
-12.082885 -10.474491
2.982779 6.199926
-16.785547 -6.154030
10.967109 -17.240269
17.233572 2.784723
-6.764360 -5.686771
-6.469190 -8.910279
-7.081213 13.248769
-12.443455 -6.418019
-10.278749 4.737954
5.277351 -10.135339
-16.865590 9.454637
-7.515887 -1.986134
-13.394440 -18.729535
-13.756571 -8.033154
10.696336 -7.838643
0.939624 14.891340
-16.817746 -6.349770
-7.918569 -10.607167
18.957604 -16.624590
-2.748793 -12.740107
-10.477559 14.767576
-11.093845 6.488131
-13.662254 -12.172034
6.692112 2.127420
12.144439 -2.421648
-8.194542 -3.335565
18.031430 -6.290867
-18.480452 -1.648639
4.428694 14.084050
7.155840 4.660833
-6.681759 -0.180979
5.920868 17.113553
-14.465994 -8.752586
-10.630702 -1.251278
-5.544366 -10.493782
-16.518723 13.371331
-14.615513 -8.461667
-11.173870 -16.021130
-9.815939 -3.041871
5.958318 18.175943
9.226102 4.270658
3.782906 -12.956969
-8.558773 5.995008
14.955650 6.546864
-0.548273 -10.196638
-14.341570 13.229253
2.707855 11.106091
-18.631721 -11.461452
17.014648 15.375760
17.198108 6.817493
1.333540 7.205661
-9.072787 15.740214
-13.399523 -18.545743
7.077027 -4.063789
14.844690 5.952704
17.615116 -14.138252
4.653951 18.152393
7.815246 10.162545
10.181740 -19.522857
-7.276287 -17.498516
9.838144 -5.612320
13.793599 -0.946420
1.443920 -11.569991
7.265931 -1.431293
8.490688 -14.731427
-1.932272 4.810187
7.805999 1.356324
-15.551241 8.384153
8.712067 -11.392334
-7.879685 7.285134
-18.195251 14.542311
-2.959462 -11.546121
-14.038505 5.063134
9.883211 -17.286561
12.555933 -6.636295
13.684845 -19.865907
9.107593 12.001006
-11.874039 -7.815987
4.636293 -16.476249
-17.751436 19.677920
-0.720112 15.774531
-8.067020 -9.210479
11.552197 -17.383897
-14.920100 9.148564
0.025001 -0.556325
-5.325919 -5.504034
-1.081158 8.310078
-18.431425 3.400351
-16.250698 -13.562220
-16.890385 6.671968
17.801642 7.466633
4.588005 6.725746
14.023316 8.761700
-17.699866 9.517809
11.384197 8.318765
-6.343120 -5.546576
-17.441045 -9.423554
14.191380 -5.540020
-5.446925 -9.819434
3.013033 1.150066
6.143967 14.180908
-2.230046 3.853156
-13.970655 6.115602
14.522448 2.822180
-2.184271 9.048197
-3.976922 7.435669
-8.832955 19.048711
-2.585698 -2.781258
0.035631 -10.254087
-19.566429 2.214207
-18.959599 12.632940
12.779179 4.407449
15.945619 -7.646250
8.912058 5.207109
7.225028 4.592820
15.461558 -1.391790
7.453668 -16.563524
6.396408 12.700170
-11.542536 -9.297189
10.226193 1.043368
-1.066689 14.987364
-5.394010 7.596615
-15.770429 15.525906
11.130549 -18.873255
-18.325402 -5.699767
-11.961757 -4.465164
-15.609097 -12.264848
18.802915 10.748012
9.243990 -7.937993
1.312528 0.287283
-9.481190 -0.627170
-18.367958 5.642304
-19.831120 -4.770145
-7.229048 8.088916
-11.427496 -12.816840
-5.973338 3.627080
3.262385 -2.326496
11.366362 -16.316188
12.613623 1.534500
17.796564 -18.175288
16.965524 7.305945
-9.311126 1.205895
-1.322300 3.466930
-3.348379 -12.551739
19.872188 -13.754494
-10.660135 -0.638596
12.633439 -14.540547
-18.232553 15.403398
4.678735 15.902501
-16.739485 4.246434
14.360162 0.690820
-2.959374 1.527186
-19.192862 -14.411338
-16.175592 13.106624
-14.717454 -16.572380
-18.003260 -4.191202
-0.872195 -11.805618
-10.513161 -14.918691
-15.854552 -2.100857
-7.010345 6.913155
-4.531056 -6.910997
10.799780 15.150402
18.526871 2.413945
-17.579205 -16.809909
15.412430 9.897618
13.278408 -17.492923
-2.023541 -14.584009
-2.468988 18.366806
-15.915319 -5.861094
-9.549867 -12.138651
-13.001863 -1.547485
6.724441 0.153638
14.236442 -13.067391
-16.373897 -17.773557
-0.498766 16.117845
15.361570 9.130653
-13.473576 8.221199
-16.120059 -16.288116
-11.336477 -18.640024
-18.608221 13.644417
-10.141265 5.363895
-5.462795 -6.546476
-7.097937 2.518397
-5.820800 -9.520639
-5.426291 5.213520
2.317495 -18.711230
9.233518 7.889661
18.257327 -9.098193
-6.965629 -15.776734
-13.813292 9.489741
-14.435406 9.880965
6.771574 2.472198
-3.276357 -13.446312
14.698464 -0.542657
-3.842472 9.691455
18.651233 -7.524161
-9.326916 -8.179095
-10.368767 -3.208820
-4.753487 5.132675
-18.669060 -2.847680
-5.356741 -18.484615
-6.134679 7.928098
-7.701674 -1.832762
15.279002 -11.940979
14.440164 -3.772259
-0.652886 5.780751
16.723394 15.813051
-8.869543 18.706069
-17.470639 -11.186227
-8.581530 -7.025567
1.206241 -9.414743
-6.638155 1.504952
-14.953187 -0.244091
1.866780 -1.891278
17.624138 -9.885785
5.380982 5.440500
7.610136 -14.137863
-12.986910 14.522897
-18.489526 5.296719
1.669579 1.516657
-2.306730 -7.963383
-4.826245 12.136763
-18.539432 5.558025
11.378407 -17.561310
-3.480541 -19.199067
1.788825 8.313803
16.967359 -3.304470
2.944416 0.427359
-15.782633 -19.444131
-13.238492 15.580992
18.457813 -19.307478
6.481446 -9.900248
0.566214 -14.891470
0.610531 8.045200
1.811891 -3.583088
6.702492 10.234338
10.708301 -18.722599
17.525469 -6.813831
11.544500 0.675892
-10.067558 17.383555
-8.807848 11.559820
17.707604 13.913510
15.249153 18.590597
11.520149 -19.555307
-19.441357 19.027137
-12.788623 -9.307159
15.221337 0.390405
1.169506 14.968986
-17.508012 4.027877
1.808131 6.423220
7.680243 14.074660
-17.955966 -8.608466
-11.852051 -16.871831
-13.187637 8.800849
16.528205 13.982317
-17.825385 4.148537
7.062143 1.948309
-7.216062 11.417001
-15.466256 -9.992351
-18.401218 16.270691
3.288517 -10.515151
-2.310819 -14.018605
2.219184 16.184522
11.195107 1.754203
1.897002 -16.759771
-4.071550 0.496671
14.838233 -7.056582
0.572713 13.256585
14.072647 -1.421345
13.524104 10.251579
-13.018570 4.685482
19.394136 -18.178314
19.431353 -2.116551
11.037960 0.408036
15.635913 -3.451127
-3.587556 -12.821328
18.850278 12.992411
-3.565526 -10.931639
-1.313958 -0.594680
-10.961763 11.719053
8.092937 -3.103198
9.350663 -2.656956
10.854884 -18.242964
4.696532 15.243082
-17.360327 1.071121
-14.406906 -15.928267
4.326008 -19.839023
14.834125 5.936572
4.262452 15.117263
7.734548 3.796650
11.974935 -19.818757
-5.620328 -17.541475
13.059041 14.566792
7.740275 11.709560
12.062139 5.680379
11.536302 -16.551980
-10.799841 -6.382261
-5.639731 -14.210820
4.035070 16.476913
-7.767232 0.994230
-15.319233 -14.516179
8.830182 18.068382
14.281110 -1.524499
-8.209635 4.567831
16.480529 1.389028
19.370383 15.635802
17.674530 15.093145
17.259951 17.786016
4.468356 -19.859040
-11.235857 -3.793464
6.130604 5.060082
0.735245 -19.697265
-5.125949 7.209827
19.912106 -2.891877
1.234902 6.882367
2.328435 -15.711804
1.694585 -0.725483
-4.809615 -7.512730
12.466318 -0.076636
3.857317 -19.913240
-14.123967 1.869064
18.110873 -3.099146
-8.228481 9.622986
-12.904833 10.978509
-18.472880 14.787985
11.562769 1.561569
-7.414841 -0.906289
-1.457092 9.639336
-0.406577 -14.359845
-14.491878 -7.432199
16.285363 -2.742208
8.528062 18.657718
-19.153740 17.737172
2.273096 8.365138
14.451254 -7.041047
-11.723890 8.480580
4.854189 15.902850
15.927832 4.532407
-2.341662 -8.995309
18.192121 -13.601343
-13.784506 1.062279
-1.168051 11.239003
19.637500 -9.895244
6.986119 -17.593836
13.481127 18.104305
-16.259602 -1.582598
-5.432162 10.905539
-14.520350 -10.878583
10.986082 -11.613708
7.269351 -1.261062
-9.333681 3.933519
-5.127163 7.062454
-18.869313 -3.543465
0.476775 -12.147556
14.185701 -6.485578
-8.672265 13.556128
9.427584 9.850866
-12.786725 -12.271599
-17.885898 -1.086283
19.400450 -2.772435
-15.198126 3.501177
15.236215 -0.549927
2.911632 15.606226
-16.112932 -0.344903
19.661766 15.174307
15.783984 17.434296
-10.637334 14.344563
-15.387503 -2.531438
17.390188 8.285735
-17.767614 -10.356892
2.716640 -9.032688
-3.502391 8.442284
11.618541 4.413519
-4.719386 10.942688
-2.572477 -13.924381
-18.083739 -15.326500
4.936488 -16.047978
1.519785 1.670400
-10.229575 15.735403
8.453996 4.882816
15.371831 18.903794
-1.436750 15.394224
8.920712 -19.089655
18.883276 -3.859809
0.323313 -5.597460
-10.967084 -13.399283
-16.167029 -14.093031
-9.907926 -17.794243
-4.714085 -8.621341
-9.979334 15.053588
4.314884 -15.127424
-11.970356 -3.923389
16.207208 -13.735445
-2.191234 16.079803
1.413021 -2.136725
10.702287 -2.532063
10.701682 -15.540039
-13.107500 -9.852168
-11.577412 -15.684284
-9.785169 8.778757
-16.566882 7.796031
6.874810 16.079326
6.223472 -12.754161
-10.762912 18.643867
-14.475883 -14.162991
-5.954000 -6.681231
7.232916 18.937678
1.952439 19.917445
19.613330 -6.259768
-13.142421 -1.937790
-14.933666 -16.367956
-10.223704 11.824347
15.319495 -17.140870
-19.674953 -11.370155
17.861263 -17.461931
-7.413947 3.899920
19.604083 -5.561010
1.837197 6.711107
-2.492410 -9.963419
-3.840002 -0.700376
11.266473 17.841484
15.323787 -4.015577
13.321647 3.186069
2.960491 12.144569
1.484372 4.817839
5.652239 4.435780
4.774776 -8.731665
-7.964861 6.941555
8.952539 2.545671
-2.244128 -16.309431
16.731852 12.672669
-18.873920 -3.184662
11.505587 2.631710
17.344983 6.821945
17.866310 -0.436410
-5.908335 3.030493
3.223982 -6.036461
-1.903361 5.478626
-4.719827 -2.851759
-2.064367 18.531747
-5.099358 6.003890
11.193798 15.622253
8.716059 -8.286297
-16.901088 -6.757110
16.447565 7.246431
-16.703313 -1.125471
-19.398732 -4.070864
-9.641486 -5.001778
10.722410 6.221987
-0.861312 12.703149
6.158599 3.009700
16.702645 -15.110329
14.049151 -10.105314
9.177757 -18.723247
10.254969 10.689517
-2.410578 -1.947157
8.682513 -5.540680
0.650071 5.098123
4.432018 13.197490
15.840184 0.397283
-9.794224 -14.691617
4.811240 13.269282
13.286759 16.888792
8.555164 1.869845
3.497008 -1.856501
9.386571 17.520484
11.321182 -18.962502
-1.331807 4.991694
-10.591604 -3.533780
8.569380 1.215389
15.569830 16.353937
15.652258 -6.400778
-9.988453 -10.250544
-10.280341 5.268615
5.334059 -15.625616
-15.042967 5.758866
14.436335 -15.795421
-12.846976 -1.468303
-6.594847 9.108129
-15.110849 -14.225150
-10.835082 19.277448
1.422440 7.179687
-0.225042 -4.877723
-15.866908 -6.811863
0.648340 -7.600866
14.762206 12.908142
3.990983 14.382759
12.850590 10.145918
1.663369 12.574798
-18.851231 -7.097259
-18.753971 8.718170
6.038666 16.654234
-14.580179 14.573635
-0.404397 -3.030460
14.076637 -6.806750
-11.115361 17.278607
-4.857210 -13.476866
5.513473 5.829754
-2.580812 14.018300
-6.266540 16.449993
-16.793594 -1.318744
7.675415 -8.345255
-3.971934 0.210893
11.330300 -11.371688
15.611715 -14.661594
4.476593 13.305648
-13.117061 -4.373655
-11.906991 -17.983656
11.663514 1.024082
18.641749 3.094071
8.303084 16.083527
-12.146828 17.224920
-12.146613 -10.675161
15.751526 15.077856
2.630080 -12.267737
4.905502 -4.104998
10.987472 -16.803068
-4.446891 16.156548
-18.191368 -12.016671
-4.022593 -0.175420
19.247517 -18.679740
4.215974 -7.109787
-7.100168 -0.173550
4.439784 16.186370
-1.892401 -10.629073
2.563210 12.130124
0.084128 13.886356
-11.460849 8.688308
-2.915969 -15.579877
-9.253034 13.622721
10.705383 12.693967
-3.127059 -7.288498
-19.812916 -11.684622
8.045270 5.438265
11.251164 -6.488728
13.106342 -17.888734
-15.475691 -4.729770
17.463372 -17.469876
17.411461 -2.644172
17.862906 -10.953560
-4.901926 15.671983
9.628864 14.078131
3.344561 -19.727244
4.968942 -11.651530
2.952944 -9.415617
18.242096 -9.302009
8.543125 14.661765
-1.915070 17.647070
-15.965079 13.519771
5.218278 -11.613675
15.136851 -12.100926
-15.371186 -7.218118
13.675988 -16.566692
15.793364 -6.206703
17.575043 5.750766
-13.830719 -18.107083
12.744470 -11.972191
1.083261 18.166530
10.719869 9.611437
18.554211 1.093470
-15.752989 -7.506144
-4.910927 -0.981167
-2.250926 19.269446
-17.873190 -18.681648
12.181154 10.040744
12.566892 -16.259942
-0.644669 -3.880716
1.858129 0.447420
-9.641083 5.928003
16.219964 -4.320663
14.540489 -7.380439
8.433834 5.743750
16.737660 7.468966
-5.405324 -19.653730
-3.380789 10.443192
16.074946 15.391903
-10.126633 -5.659799
14.373868 6.850740
-4.380617 -16.796717
12.971764 14.626038
16.447715 -5.153021
10.743825 -3.355129
-16.431774 -14.992538
8.485794 -19.638520
-18.035452 -7.162185
-12.432698 -2.260671
-18.714823 -10.954045
15.256910 2.409864
16.308562 -15.656510
-11.559115 13.539102
12.498059 -7.837315
-0.559528 16.643045
19.705004 -14.661757
7.164177 -0.010098
-5.448166 0.416714
-4.694960 -14.045922
19.718995 -13.158392
-9.979588 5.138318
1.380417 -19.835042
-8.882565 16.485417
15.162933 15.941611
-3.858367 -11.803252
7.150548 -18.514057
9.145745 -6.786330
11.180736 5.617606
-4.682557 17.719341
4.033554 8.610079
-8.461477 4.419308
-0.685359 5.198089
-19.069331 1.788229
17.959001 1.494506
10.512238 17.200025
-14.931615 4.772051
-4.703939 10.235817
-4.593047 3.160334
10.185032 12.418311
3.338730 -13.204834
4.721367 -6.189036
-9.891966 5.199356
0.131252 15.615257
-10.939624 -14.554074
6.325547 5.026424
15.408072 -19.140330
-1.324520 0.397913
6.919710 -0.250971
-3.024896 4.562995
-14.269101 -8.486267
18.018011 3.468230
13.635079 4.328474
-0.641289 13.644233
3.208272 -0.391356
11.711813 -8.432563
-0.366983 -1.902148
2.199509 -10.226566
-1.622859 -18.395891
3.567642 -18.731324
-16.145420 -8.394103
-1.007322 11.233645
-11.123324 -9.805700
-10.629876 1.223596
7.926350 3.588164
-1.449262 -15.214684
-18.904452 -5.546364
-12.133687 3.978796
-4.350989 2.661198
17.068877 18.065797
2.886766 -9.136643
4.687916 -7.711922
-2.373961 1.977229
4.104206 -14.384220
-19.124362 7.997441
-4.876310 -17.873476
-17.495672 14.506723
16.879849 -10.252873
-13.069616 -16.092803
8.055791 7.296114
-18.125645 -7.270724
16.049228 -4.385453
-9.376648 -9.818215
-18.864956 -16.752772
-18.468937 -6.024252
11.236447 10.123631
-14.448940 4.817718
-7.233485 -15.531620
7.904168 -3.383611
-5.147330 4.762945
-6.804882 -4.628971
12.888245 -9.602157
7.228201 5.592663
7.688724 19.596847
-3.312503 3.792073
-1.626546 -2.729163
-13.553614 18.877337
-6.632357 6.527861
10.154274 7.770483
1.823078 -13.193230
8.511486 13.626027
-14.956405 13.435498
-4.801646 -12.598133
11.528936 -13.590328
1.605806 -5.015345
0.611343 -10.981635
19.714236 -6.335411
5.806160 11.491315
-0.613715 18.763332
0.938044 2.466724
18.035361 -6.355844
12.266494 -15.494642
-9.415317 7.050163
-8.289467 1.065410
7.683818 15.954258
-18.478100 8.191784
-19.516772 6.408371
-15.324222 13.541282
9.125842 -19.384589
-16.597203 10.440626
-16.847550 -4.688137
-12.799965 -16.120692
-8.178797 -3.165295
-17.893690 8.573492
-11.838182 9.112914
-2.184281 7.545981
8.588389 -0.993203
-1.245919 17.792020
-13.969444 6.929998
-6.346360 -0.376985
-7.191388 5.101764
-1.133157 18.134905
1.729273 -2.677991
-13.852868 -13.512708
-6.570914 -0.410264
12.156541 8.618507
-18.390592 -1.649510
-1.689720 -6.804116
10.738538 -19.775242
-17.120156 -14.333232
2.061565 -3.178022
-10.287710 8.261148
-3.936098 13.321098
-8.098121 -2.469204
-11.012844 -9.278419
5.204351 -11.641128
-17.024047 -19.665208
8.034369 -15.923027
-2.436835 -13.846077
-5.775950 -9.275674
-17.168431 -10.163624
-10.981895 9.020312
14.794172 -8.477008
1.449967 3.939025
8.925137 14.629071
-15.983214 7.648064
11.045838 12.834224
6.968502 7.958806
5.735416 -6.041030
-18.981296 -13.586506
-16.639977 -6.449094
-8.882770 2.138336
13.335067 -9.085182
-14.064841 10.735347
-1.499393 -19.881840
14.692643 8.084501
-7.558876 -17.692581
-11.872518 -8.347788
16.061752 -14.806026
12.527405 12.084048
11.734336 -2.935253
-16.389098 13.338439
-17.271695 19.795404
-7.612433 -8.575108
0.901687 -0.340321
-17.253078 -9.557012
-16.339436 14.408936
-13.144810 -0.708218
8.123553 -19.500416
13.929411 18.115523
5.360265 1.291404
12.188922 -2.507149
-10.895698 2.855625
15.503251 19.381939
6.147881 -7.437908
17.850357 -18.155789
12.792045 -2.063248
-1.130285 -14.342102
-3.514256 -4.713278
8.596867 -16.097738
3.536329 -13.537195
4.309494 8.337268
-8.374452 19.814524
-14.082708 14.385688
-15.343558 9.257163
12.559240 -6.840594
14.476275 -8.264452
-1.424710 9.164323
-8.487903 -0.407677
5.686124 -15.940656
14.305594 -1.401305
-8.568349 4.165667
-18.053013 -13.800240
14.879519 -1.519755
-14.959422 -13.759920
3.379310 9.313815
18.689576 -10.998896
-6.780123 6.203500
-17.008534 -0.529699
-15.007273 6.950528
9.724130 1.439270
16.988673 -11.548331
3.466819 14.076893
-13.467412 11.203904
-3.033486 19.941011
19.817376 2.881290
-3.096813 17.208816
-14.777458 -11.813483
12.994508 8.463370
-10.256505 -0.812871
-14.867296 14.390569
-0.623311 4.410681
12.218608 3.787795
-17.727771 -11.854358
-15.383205 -16.723593
19.250710 -4.086979
1.921255 0.213674
0.063632 3.082029
17.193701 -8.006662
-6.486274 -6.151490
13.337912 15.261274
1.863769 -2.797658
-19.601782 -11.012315
2.459524 14.533336
-14.122588 -3.977572
3.429306 18.408650
-12.866237 10.545661
-5.694439 -5.608158
17.341254 15.860616
-16.351433 -19.858343
5.905810 7.309775
7.537423 10.399693
19.830673 14.590053
-19.432904 18.178814
-12.695824 9.341385
-17.190483 -0.929788
-17.371273 17.936046
-5.472243 10.569543
13.431309 12.456238
4.807527 -13.449784
5.380190 -3.286387
-0.633773 16.645637
-19.575329 4.870691
12.847851 -15.159259
12.382354 -6.984862
14.019309 1.313470
17.009895 14.325387
-1.388860 -11.981351
-3.599645 4.334112
-17.296726 -4.421974
17.555066 -16.795919
-1.579666 13.660675
1.985412 -8.598866
14.947004 -3.094216
18.522315 7.738233
-19.253769 7.333057
6.364338 -13.126254
11.456943 -3.939427
-16.380126 -15.736069
-7.357848 14.356075
15.042216 13.577704
-10.693140 -13.390572
7.772003 16.132238
-14.869470 -17.308860
-5.905071 -12.481658
18.458022 1.134342
2.374581 14.619842
1.354169 -12.063882
8.984123 -11.470757
-0.497262 -7.122032
-11.085684 18.934076
13.401780 -0.992638
-16.707532 -5.343563
11.127415 6.020653
-3.130758 7.757128
-0.139548 -3.636130
15.995013 3.294290
3.092197 15.380395
-17.395809 -14.744461
-12.614665 0.206532
-10.460850 5.974773
-11.057146 5.268903
-17.494572 -10.175392
-15.021334 -6.000548
-8.342332 -4.014774
18.303602 5.072960
-3.998144 -10.841460
0.354362 15.586372
12.764638 -7.652692
0.580920 19.454509
-13.153298 16.186617
-13.177021 -2.255975
13.657558 18.843891
14.111968 -17.439044
9.593402 -7.214096
17.060914 19.475856
0.118986 1.345497
-15.955593 18.556579
-0.855214 16.155997
14.637447 -18.304651
-7.839143 -3.751298
4.776353 -18.595577
11.784439 13.302151
1.446178 18.958408
1.968774 4.462348
5.896154 -12.943662
15.685902 14.939516
-6.876877 15.984657
-13.534402 -18.728912
-14.269003 -18.630907
15.456112 16.678167
1.405672 13.843218
-9.063399 9.339489
-5.215692 11.335433
9.433317 -2.765401
-4.182187 -7.595140
4.091831 -15.411103
4.075651 -19.339116
-1.591498 -17.056865
-4.700748 -6.817710
3.330541 -14.517874
-11.523837 14.832002
13.124384 -10.199896
-2.180466 6.112154
18.918515 -4.319041
12.112020 -13.215336
-18.720732 19.335592
-1.208066 -16.831872
-7.326861 18.971286
5.273340 2.073604
-8.822426 19.966146
-15.940897 -7.097217
-4.194263 19.963061
11.938101 -3.076095
-15.382314 1.069117
18.901837 10.070684
18.098688 -4.839714
-15.609007 8.287498
-17.970836 -11.022197
0.387523 -2.815019
14.910058 3.514460
-7.185339 4.408524
-3.792014 3.969851
-1.812907 -16.593837
5.979545 -14.185981
16.817369 -11.617381
-15.862368 -15.051106
-13.243212 14.202982
6.052068 -7.145083
-4.219444 -8.380796
-14.637612 3.144064
-0.863428 1.037430
-13.521187 -15.899997
-10.070023 -19.718698
10.907482 -13.589553
-15.363822 -2.468679
-14.955018 -6.143569
-12.181801 -10.306151
-4.474854 4.959566
6.677473 -18.157359
-19.671467 8.552563
2.035842 19.980161
-2.200482 -9.420685
13.103883 -8.423046
-8.539369 0.289995
16.619022 7.292402
-7.565837 12.104978
-11.906335 -9.133507
13.653492 -18.755158
6.388131 -1.605587
5.925798 -16.390644
-11.431479 2.414923
-5.714320 -13.460656
-15.091424 12.772529
18.577414 12.198438
17.100932 -8.124453
0.653105 -10.749674
-13.949918 2.523507
-4.479265 17.710676
0.429525 -8.470569
4.823051 8.125650
4.774225 -2.899555
-1.470089 18.023930
11.412265 17.999750
19.458248 -3.641210
2.773287 -7.689696
11.505330 15.642898
-11.927972 -4.824726
5.079355 -16.556912
-3.169264 -7.201953
-14.138552 -5.551277
-0.039871 -5.277192
1.030104 -5.735028
13.489709 4.619405
-13.620175 19.188570
7.028993 19.127471
-13.707399 -18.182665
-19.357708 9.571517
14.381973 17.937747
-16.835505 -18.483990
12.130120 -8.596745
-13.725973 18.145173
2.982029 -7.989114
18.525790 8.527009
14.858188 -19.142146
-4.695963 -5.983111
-15.963089 4.505919
-16.162768 13.445099
-13.568330 -4.342585
-17.154618 14.580070
19.105300 1.861421
-5.790303 -7.598571
-2.002912 10.462319
-11.436250 -7.323031
-10.493829 13.047879
8.246338 7.259590
-15.678033 8.626669
-4.515352 -15.629474
-16.075138 6.758694
10.112436 12.617138
18.340851 -9.830190
-11.462198 -9.439489
11.965223 -3.775885
0.325485 -10.282127
13.005500 -14.139193
-18.039414 4.999229
-3.052292 16.804193
-8.348342 -5.584627
8.244582 7.912532
-8.068356 19.573252
-7.382991 -14.433445
-13.033404 5.269130
-2.816226 -9.632243
14.701628 -13.120782
-3.421025 12.910864
-17.021908 15.167015
5.387826 -4.308556
0.906108 -0.977469
17.859064 16.632050
-18.689645 17.666828
17.762995 -9.593671
-8.512882 8.831297
1.279477 5.120238
-17.525593 8.592328
12.292395 14.001670
15.085824 -7.577541
4.808343 -17.871454
6.799472 13.409187
-0.286631 11.332174
1.144496 12.147060
8.494879 9.603818
12.776217 -8.978858
12.773424 2.299582
1.763671 -7.848068
0.875722 13.091593
-4.605114 4.686086
-5.641015 4.706602
-5.658081 -8.500870
-1.721766 -12.070172
-16.506238 10.561697
13.138517 -11.502936
-17.140369 -0.192351
10.254335 -11.875077
-18.884626 11.494047
15.234139 -5.601732
6.346186 -12.552063
17.621145 -15.917615
8.604099 -6.615121
1.290194 12.854490
-3.104731 10.446907
6.730151 14.234683
-18.474992 -10.011124
-16.390213 -2.141796
16.008714 7.980033
-13.521399 -10.017231
2.244029 -12.664801
5.488800 19.536340
-10.371380 -9.840476
3.122314 13.643910
8.761376 -8.686464
-10.765496 11.080291
1.072279 -9.128678
9.262891 -0.441777
11.081306 16.110244
-6.210351 3.945135
-3.022771 -1.813285
17.600426 -16.949181
-1.956307 8.231905
-1.009421 12.247447
-18.803967 -13.235828
-16.681444 15.605507
10.964527 -15.227755
-7.140822 1.152253
-8.068908 16.463641
13.274846 13.047131
3.285880 8.587568
14.716873 8.809839
-13.776410 -19.382962
2.240553 13.660088
7.623563 -16.368627
-13.938915 11.394721
16.333406 0.608560
18.437242 -2.218001
14.702749 -18.349076
-1.661103 14.429462
-16.973080 3.067404
2.896053 7.135855
18.706119 10.290253
3.820497 14.211623
5.921485 5.994850
-3.095684 -5.995008
17.355878 3.323185
17.794905 3.180427
7.090848 1.072684
1.266210 -12.603675
3.697277 -19.545286
-6.050321 -15.470601
-11.332442 -8.852226
-1.540403 9.368584
16.185792 0.937945
-4.905526 -6.893614
-12.844991 0.945789
7.772382 -3.499778
-12.466253 -4.261458
-14.142862 -9.405028
-15.702837 7.604876
19.089610 -11.779581
14.244051 -19.780231
3.105574 1.304634
7.066918 -11.754870
13.812907 -8.080608
-11.099249 -5.684459
-13.957454 1.289597
-19.796095 0.100243
-5.140437 19.111553
-11.310246 -11.130161
-15.340996 -12.056405
2.886369 5.590732
-4.172629 -8.022960
13.406531 17.513940
12.893980 17.322098
-16.858706 -16.801563
-14.187758 11.088683
8.183583 -13.309928
12.320901 -4.816563
6.561662 -0.600334
5.080932 -11.516844
4.627833 -10.865771
-6.878338 -19.061816
-18.358872 0.331931
-8.481556 14.993279
-18.753088 4.066151
-18.754920 2.661557
-8.636055 -15.806003
15.995094 -8.626484
4.266003 18.768062
-10.456621 7.739203
-5.604155 12.337246
-17.206532 8.829721
-0.861195 -13.268890
3.164076 12.038151
-18.857904 -9.916104
16.316732 9.993134
6.077474 11.184650
-4.800623 -8.110824
3.532340 -8.442867
3.643019 -17.352110
-6.932885 16.455127
-5.795587 -10.045698
-7.592481 -1.047993
-14.567908 -7.570083
14.176620 -7.815933
1.826736 10.438742
-12.002805 -15.843531
15.232826 16.563967
13.871693 -10.061010
11.853133 3.952917
19.579925 -6.205893
-12.092686 -18.657204
13.676578 0.712932
-4.817651 -11.518552
7.452677 2.836790
6.372981 -12.468466
-17.873871 16.755946
-2.342107 -13.755479
17.644339 0.575259
14.144005 13.051111
1.213863 12.617171
6.131712 8.206858
11.054096 8.271482
10.356902 0.718361
-6.321677 5.841161
-16.211199 11.333833
14.570228 -15.336353
-1.251543 -4.396093
13.061243 -3.869318
12.178090 16.469544
18.479148 15.997346
-3.728104 8.945768
11.550775 -7.871798
3.597070 10.057600
-13.221513 15.318262
-1.322301 -17.071579
4.482969 -16.589253
-17.018704 4.742809
8.353624 -1.800025
0.796884 11.487232
-1.918558 -13.949109
-13.955533 -10.301415
-4.878891 -5.423837
4.230344 -9.789248
7.324807 -19.404895
4.222480 3.281761
14.982334 15.939761
4.082958 -6.681640
19.323285 19.420570
-17.990201 2.248675
-14.480427 -5.223806
-15.654022 11.312575
-12.273037 -17.764123
-3.409933 1.613112
17.706935 0.167297
-6.649910 6.562395
-11.954989 17.418830
-2.355661 -9.605810
13.114525 13.143208
-6.268362 7.599681
12.487874 -15.823259
-9.762623 -11.319261
-3.563423 -0.769396
12.258820 8.897584
7.980051 -8.939473
16.490064 -18.209426
1.553567 7.728274
-13.775172 -3.053167
0.189243 -3.558970
-3.218783 -16.278620
19.702676 -12.365183
16.784312 -7.301174
-18.191362 0.832065
18.672360 4.369257
-8.009782 17.303148
-7.729575 14.802327
16.991308 -1.076983
1.970267 6.319644
4.085032 16.345571
-0.836792 -5.560608
-6.214004 -5.205211
-4.068398 3.813766
13.502923 -16.286084
8.761262 8.103456
-4.869502 13.418479
-2.569919 0.392758
4.963328 9.785308
-9.074433 0.529580
13.003309 -0.101499
-18.112362 14.803800
1.451497 -13.407481
5.436828 16.467377
4.261370 19.539483
3.735745 -3.494878
-6.867850 15.905624
7.472015 16.366691
19.379408 -6.354692
13.166155 -15.750632
-5.055271 19.928408
-14.007176 15.145991
-8.292858 0.254203
2.331205 19.134155
14.673350 19.651730
0.648261 6.021446
-4.580174 -1.929107
6.078592 -5.626731
5.091093 -6.742026
0.323227 -13.172002
-15.688011 -15.641182
16.445209 9.183033
-10.632546 5.742981
7.181032 -17.334909
9.506068 -7.052981
-16.226264 5.033764
-18.534909 -6.325075
-2.100673 -8.422779
14.051786 -0.200125
-13.977227 12.876111
2.011310 -12.134241
11.192865 5.053821
-11.122278 -2.847888
-6.180472 10.821947
-11.541666 -12.232440
-1.577684 -11.857515
-9.731668 -11.355679
-8.792819 -8.461137
6.439104 -7.488335
13.389391 15.256060
7.271549 10.281312
-19.131498 -8.825319
-9.134042 4.487221
4.954317 15.405816
-12.844392 -3.963057
-3.715814 -9.378369
0.442754 19.311916
17.701860 12.396509
15.494741 7.989372
8.076348 -14.152696
13.535736 17.765267
14.511353 1.367992
8.390424 -10.223204
7.266190 -2.012192
-2.775287 -15.980299
-10.140056 15.337254
12.360938 0.915135
-13.548121 4.997278
12.196791 15.433814
10.836912 17.720846
4.576141 -17.895265
-8.777874 -3.728880
15.792454 -14.065985
15.397524 7.385692
6.934019 9.404887
0.454951 12.352424
18.432316 -14.715701
-18.900737 17.119607
-12.901960 -7.407362
-2.552013 9.290482
-11.135321 13.981615
-5.315857 -10.944458
-2.093031 -19.736083
-4.627283 -6.458597
-8.045850 14.838252
-14.033920 8.235307
18.768519 -13.378446
2.463604 13.457471
6.844740 -12.227458
6.330940 19.906659
-0.985512 -6.718979
-19.148904 -9.696058
-10.712390 2.094791
14.789174 5.317424
-5.968667 5.343321
-10.365440 8.454461
-14.128666 -16.101219
1.683192 0.146515
-0.148737 5.149486
8.599975 -16.130600
14.203093 -1.383355
-11.738161 15.239307
3.264294 -16.422554
6.842892 -17.079901
7.961114 13.088043
-17.757306 6.909733
3.780687 -13.242537
-19.544287 9.979244
12.158664 -17.440797
-17.269236 -12.624760
5.307334 -0.427142
19.763434 9.949582
1.100245 1.580888
14.980032 -4.470612
12.353780 0.434241
3.213646 2.415648
4.690152 -10.882392
-16.912142 17.872218
6.517806 8.245750
-7.228555 18.888881
0.375462 16.838987
-0.571419 -4.079970
2.289301 -9.756747
4.561139 6.544016
6.475130 -16.494015
17.349111 6.201619
2.084413 2.337919
16.342530 9.696066
7.957015 -16.118964
15.240321 16.715289
-10.644962 -16.144120
-9.957254 4.354250
2.642762 16.982371
0.293370 -2.567528
16.680771 17.534902
-4.411179 11.750861
-7.793549 -19.700833
1.689855 -5.128296
-18.807270 -18.675763
-1.330566 13.743770
2.575205 -3.508934
-2.136065 19.319353
-1.847260 -2.357617
12.848259 9.892452
-10.914219 -12.105677
6.760379 1.920917
6.944276 -10.175694
-5.299353 -8.251098
3.817111 -7.897800
10.693258 -9.793478
-8.370833 4.389192
8.823117 14.993382
-17.725059 18.850180
-6.671098 -6.468317
-17.316118 12.980496
-18.684207 -12.916881
3.698356 -15.846560
3.629394 -9.061143
-15.462690 5.066804
-18.610622 12.653492
15.203203 17.885486
-12.399085 -8.583915
6.172038 9.089911
0.370055 -15.595438
6.074984 15.688628
12.861188 6.605634
2.834751 14.631743
-1.882010 6.235894
7.030197 6.993309
-13.424441 18.890255
8.150062 4.946120
1.343038 -4.764311
-1.889742 -8.648810
-10.599591 3.686462
15.029890 3.543114
-0.092383 -16.970665
-18.319471 4.115076
-18.241047 -13.512809
-15.982439 10.911502
-3.328702 3.874683
1.148280 -18.493423
-12.171815 -7.920088
-9.879458 -18.355067
-7.304221 8.802892
-2.239504 0.626363
5.961094 16.382849
-0.234263 3.017699
2.016959 -0.898613
16.173709 -6.954276
-0.704818 -3.008590
7.143938 7.090717
-3.634607 -10.284776
10.414009 13.189206
18.454341 -19.601910
-16.906526 11.419466
1.829093 6.731260
-12.357871 18.603238
-6.215767 -16.574632
18.047210 8.627270
7.169067 -11.811847
-13.456248 13.742022
-6.701016 0.960682
1.118566 19.121882
15.293215 -3.070493
1.304979 -4.451382
14.966928 -16.597397
-3.290342 -8.750471
-14.614552 19.108702
15.185839 -0.450939
11.226179 -8.110668
-6.246144 -1.760931
1.060477 11.439410
11.931846 -7.449225
-18.071387 6.222231
-15.288865 -0.723499
12.815900 16.535502
-6.421107 10.381958
11.110110 6.525038
9.387122 -6.044396
-14.857353 12.470977
4.663108 0.936595
-7.458619 12.100142
-15.638885 2.876158
13.194767 6.546062
-17.511058 19.447194
10.671877 11.392001
1.861671 -9.913666
10.861333 -11.059396
9.587993 -14.820241
-16.525534 -3.964608
-8.306752 0.228962
-1.673944 -6.810977
-7.220218 5.792047
-2.156231 -14.077145
12.936690 -4.643126
-17.671880 -9.984661
15.287677 4.007433
4.205429 -10.106047
-7.174404 4.459173
16.700484 8.175018
6.436789 15.148535
9.053717 19.292028
1.681220 9.229510
-10.316356 -7.614000
5.311922 -13.313530
-10.282627 -13.224496
-9.810635 -10.108038
13.856199 4.857688
-18.391021 16.843324
-12.651308 19.198148
11.687891 12.882130
7.874836 -19.672715
-18.290487 13.336807
-19.537915 17.688020
1.805811 -10.039966
2.546731 17.022741
-17.057501 -13.157327
17.038213 6.998862
-11.858520 -9.844368
-18.216488 -12.206964
16.997827 2.039488
13.408878 10.950214
15.636996 -11.119230
12.184487 13.765282
9.989798 -16.779409
-10.733353 2.783817
18.396499 19.327326
-10.967511 -14.186915
8.207385 -0.766507
17.703485 -1.557514
-15.123519 -12.886535
15.358211 -9.484959
14.189062 9.922546
5.624913 -16.979889
-5.610908 -14.749699
0.740051 18.137520
-9.711955 12.538442
14.120526 18.319480
0.019834 18.943242
-17.511446 -10.732103
-1.400672 -0.304722
0.670942 4.709048
2.438497 5.029293
-6.206542 -6.291047
13.455742 3.008201
17.139887 6.745792
-2.076512 -12.524310
-9.494187 -14.255787
-4.974435 -13.291881
-12.192246 -13.347926
-19.691617 -12.202688
9.070453 14.841825
-18.953287 -8.983940
-8.419112 7.962671
-1.863141 18.531637
-19.953413 -12.842509
4.190785 -9.022575
-13.606135 -9.712998
-3.266779 -2.597010
17.565473 11.528060
14.385014 8.090325
-8.874769 -19.816485
1.152673 11.942004
-2.929892 1.547285
-6.692261 14.103527
-1.663503 19.464786
-15.204922 -1.000050
-13.461583 -12.127540
9.032251 6.656032
-13.153378 16.778764
-13.888245 19.194577
16.147393 14.295025
-3.091812 8.151767
9.522435 7.555749
19.395775 -14.463282
8.864736 11.710497
15.909653 -7.386761
19.068639 -11.454718
-18.265698 -13.598350
-2.880641 3.340187
5.475507 -17.442153
-17.425539 4.167226
-4.890990 3.435878
16.094175 12.812283
-19.040384 14.475862
8.507267 15.883032
-3.126259 12.722380
0.490412 -0.323572
10.736150 -19.808557
-14.657047 18.221651
17.764805 -11.957310
4.967529 14.723682
-9.794352 -9.536362
-10.284695 -10.199277
4.030352 1.282333
7.671718 15.523856
2.058117 -0.130371
-3.614459 -19.662450
0.154951 6.454350
-17.215963 -19.935102
19.191241 -13.150093
-4.538161 0.745875
-19.863119 -11.478800
16.920064 -13.155041
17.949773 14.872816
-17.661302 -4.752315
-6.431687 -18.966345
-11.311945 -5.731169
9.216455 12.480013
-16.841165 12.293731
-14.641273 -6.556599
4.626158 -5.153533
-18.502157 1.608191
2.837608 15.482037
15.393889 7.460125
-9.921392 -0.028733
3.642700 -1.855687
1.041518 11.505545
7.047923 8.326798
-19.917341 5.041725
-5.010865 9.206930
8.470121 6.767974
-9.891617 14.227054
10.098640 -5.095284
17.885972 -7.523329
-8.597553 -5.776728
-8.008048 8.536986
4.949698 14.614188
-14.396428 -3.410638
-9.198347 -11.036483
-17.236971 -5.009085
-17.507402 1.253672
8.204432 0.036240
-10.263061 0.848597
-18.936156 -1.925964
-13.014225 16.828633
11.712666 12.013344
6.720390 0.365965
-18.951806 6.443765
15.210375 -3.044903
-7.216256 -8.530410
1.232107 -11.502279
-16.200762 -17.303396
-10.350583 -10.311284
7.498074 -4.246621
2.292057 -19.445797
16.117791 -2.908064
10.544596 15.327044
15.749870 9.653576
19.795325 12.379054
18.472823 -19.531639
19.996508 11.452361
-6.516444 6.072792
-19.384483 12.485635
-5.637679 4.926283
15.578673 -3.013658
6.022403 3.502638
-6.443120 2.991739
18.912553 18.825197
-6.432146 7.896660
9.323568 -19.251694
-13.024407 1.956223
6.148285 -18.116071
-14.002402 9.406956
-1.076759 6.084232
-2.196990 10.814902
18.160744 18.255842
17.087490 3.308960
17.750557 -15.067806
-16.048570 17.092129
16.350068 -12.851747
12.632224 10.105910
-18.109902 -6.624920
-8.673413 12.498262
12.702441 -6.419497
5.652084 -18.703772
10.251347 -15.631880
5.299805 -0.884314
-8.210562 -18.333194
19.130079 -3.780433
13.995694 -17.855177
-2.575043 -1.731267
-11.767237 3.648057
19.409956 -11.589609
19.140161 -19.141494
1.532405 16.365847
14.077820 -6.338094
7.632864 16.028028
-17.465780 13.402662
4.748128 7.949278
-4.895061 -7.941410
-18.524496 -17.757028
-8.794939 -19.281355
9.063297 -10.959742
18.814858 17.234271
6.988770 -11.633204
17.189649 -2.293888
-19.371869 -14.798150
10.545672 -2.185155
-19.830845 10.385677
15.966318 14.669513
7.240078 3.478876
-13.909822 12.809336
-16.296091 2.465653
2.797477 -2.844467
11.168234 -4.976295
1.554975 1.533213
12.892021 8.972932
-1.327205 9.513522
12.197041 17.745255
-16.290689 9.656638
-11.483654 -15.190493
-1.516663 -15.823645
13.373313 5.486738
16.530325 -0.659759
4.208353 -12.810753
-18.058849 8.942893
-0.246577 -15.052964
-15.572824 1.560161
-8.350315 16.957896
15.481035 -10.857006
14.667299 16.886375
12.914143 -2.400327
-14.963075 -1.075757
-2.595396 -19.568584
-13.135113 6.756679
14.518612 7.599547
-14.369590 -10.535617
-12.876451 19.173105
15.433657 11.335617
9.173616 15.161880
-1.387438 -12.514911
-5.135838 8.139856
19.624051 -5.843239
-4.932925 -12.770834
-17.780115 5.552667
-1.078402 1.854240
-0.341467 -18.608630
7.640601 -18.275203
-19.152922 1.962695
2.983618 -18.324794
19.291590 -6.137146
-9.824239 1.239630
0.875212 -15.936551
16.359569 -17.252080
7.098791 1.295811
12.187934 -0.342407
7.258976 -19.037271
-17.818274 -4.211393
-17.409799 3.167127
12.571212 0.235233
-9.082216 -16.976583
-4.115405 -0.881962
-17.176023 -16.313082
-10.757998 -1.303255
13.275390 14.577898
-8.846737 -14.021945
10.978488 -6.294163
-7.305559 6.485086
-8.790751 6.167904
7.266305 -19.647886
-13.715762 12.812119
-1.808308 -1.186217
9.435469 -14.344942
3.003314 -12.215505
-5.096179 17.087622
2.943118 -19.867396
-9.273186 11.659971
11.892123 -0.662443
1.731583 -0.875854
10.876323 18.671006
-9.397522 -17.660437
14.628050 13.434557
13.223942 -5.856092
-13.512500 9.666691
-18.365363 -18.292146
6.735818 19.921389
13.328525 -18.873278
3.930958 -10.472533
-11.870168 -6.061472
8.788058 -6.116219
-9.720129 13.452611
11.725130 9.377977
-6.244618 -3.493291
14.743815 8.649909
-3.181539 -17.142735
6.752112 14.213243
0.816420 -9.563494
-5.452909 -6.001391
15.164328 -7.974222
-5.745331 -16.506501
-9.080104 -2.087522
-11.669401 11.996056
-16.176579 16.751746
2.871839 9.228310
17.844263 -5.910992
15.888023 -11.097086
14.121594 -12.779620
-6.745232 16.973231
7.577406 16.091600
16.105796 11.289129
-5.261305 6.293294
6.001238 -18.009653
15.923398 -4.853565
0.374525 2.551627
9.267168 6.603958
13.303340 -9.593049
-12.028807 0.260967
-13.750619 -8.090932
15.674646 -5.523105
8.378901 -14.572518
-12.246965 -14.661738
17.442874 0.724306
-1.811194 -12.939322
13.920891 6.531372
-5.372347 -12.895077
1.076363 -2.658165
-13.499011 16.537010
14.346499 13.792817
-2.700196 14.392682
19.676524 18.449886
-9.483691 -5.614868
-19.520244 -14.216101
17.568844 -2.387741
-8.725237 14.914625
-6.673961 -6.041467
6.007399 -6.900756
-5.009422 -6.896760
-7.245926 -3.306388
-5.692605 -12.142814
8.231200 16.374288
-11.793743 -9.279487
16.871947 14.949771
-15.286353 6.556756
1.194990 -14.957867
-14.315780 -1.764876
-19.744887 16.262374
16.537235 2.754314
-2.670608 15.156506
19.475484 16.559113
-0.323794 18.061467
1.294449 3.735163
14.513577 10.461825
-8.143556 -19.682035
-16.337691 3.074655
7.052598 12.920732
-12.475494 -5.354837
-7.669475 2.179391
2.573470 14.609006
-6.784671 13.477836
-0.050714 8.309614
-1.949945 -6.876126
19.484247 -10.295502
13.201273 -1.012290
7.824065 -2.225866
-2.699519 -18.355384
-9.562642 18.125073
-9.543427 -1.025473
-4.214631 -11.919563
0.964557 2.432104
5.297380 7.947001
18.779041 16.080616
2.174194 -16.597546
19.412227 -4.726584
-19.856742 -2.807230
-3.066491 16.605659
6.367513 13.876283
-18.187956 -5.992548
1.850655 10.438873
-10.442766 -18.603556
5.465096 14.009667
-5.714505 17.190702
2.587205 15.908472
2.693835 16.940098
4.101358 7.749354
8.256976 -12.491868
18.649888 7.682481
18.049658 10.581511
17.988604 8.655339
2.131706 -3.653293
-3.172409 13.856399
13.077377 -5.443036
0.731719 10.777214
-4.341656 13.073142
7.277359 19.290993
4.305595 4.442009
-0.809870 9.179768
13.645350 9.938162
-1.948601 -12.273288
17.204108 -17.995398
-0.605306 7.480729
13.552614 5.846241
-11.865417 0.048173
-3.786466 1.092485
-12.435666 16.816457
-9.103785 -13.588988
8.794984 -8.405879
14.834177 4.869486
9.047448 4.149132
7.213512 19.312364
-3.979982 -19.836998
-1.046605 -12.865742
15.071335 -14.251166
-9.002929 4.700626
14.474599 3.988766
-16.269876 -18.157175
8.046818 11.842641
10.754610 7.145478
-5.570319 2.701645
-15.720277 -0.003397
9.032970 14.454668
0.373156 16.696365
-7.380377 -4.937671
0.347697 -15.698980
3.634365 19.636961
4.900711 -16.544366
-9.212307 -0.451394
18.740371 -16.230957
18.352950 -2.912900
17.588161 4.611354
-0.917245 -11.678008
-1.500617 17.412651
-9.719092 12.307961
1.628340 6.484622
-8.272837 -13.625893
13.525629 10.745931
5.167910 -9.743402
-12.175902 -19.213502
-0.086515 18.224992
-11.692501 18.136651
18.199977 15.255780
-5.166312 -4.096737
13.505267 -8.910548
16.163488 -4.968688
17.695243 -15.204436
13.843126 10.474229
-7.540000 -0.130131
7.410811 4.617682
4.983143 -1.558064
-3.699423 -11.444972
-11.494527 1.038592
0.181633 7.477760
3.166492 -4.212602
6.600544 10.463080
7.391951 -2.885005
11.367951 -10.547315
12.281697 -14.838066
8.120461 15.534252
-5.764976 -3.276083
-3.433674 -13.343112
-7.889630 8.097041
9.109614 -4.473228
15.357069 -18.817954
10.797470 4.046756
-10.972859 13.484026
-11.407374 19.076504
-8.523831 -10.074749
-14.040285 -12.219174
7.091397 19.884435
-12.472511 -1.722642
12.550825 8.865419
-18.711721 -18.598140
9.390957 -7.498640
-11.042572 -7.343923
19.065141 6.890727
3.103810 14.503429
-4.896807 -9.757661
10.650093 14.017432
-13.827457 -2.813457
-1.545304 10.272161
-11.181814 -4.233098
-8.484813 9.245253
-15.780225 -0.701562
8.938506 -0.346512
19.205267 7.499110
11.588550 16.905676
-8.889598 -6.072018
-2.286853 -16.125441
-12.914305 -10.116113
0.909825 -11.057097
0.659065 9.179062
-13.863117 16.250414
-3.472125 7.689423
10.518491 -18.356007
-17.236024 -18.159128
-2.530299 5.019729
-6.900167 8.382425
-14.418814 -14.742908
-3.349691 7.440160
2.593665 14.943551
16.260382 -7.195971
2.547878 8.582140
6.770270 7.028864
19.825449 14.184598
4.397818 13.764153
18.535720 -4.870472
10.641959 5.660176
-12.094691 -12.722732
6.017145 -2.022782
17.739119 16.420077
18.414479 -2.411864
13.437304 -11.244618
6.508004 17.951792
-9.073953 16.917506
-6.742360 16.697903
11.680507 10.917737
-16.683421 16.719328
5.963095 13.453337
-13.323154 15.909409
15.354019 14.068599
10.209847 11.736326
-12.270098 2.931391
11.940054 15.570409
-15.863813 -18.298669
8.444746 -7.831189
3.755348 2.767751
-14.767115 7.856440
-14.186355 -1.992546
-9.943798 -2.187715
2.977890 -12.279222
8.885388 -1.245503
-14.576022 12.417905
0.439935 0.302295
-3.166491 3.480895
11.661503 0.476563
-15.149717 -19.162207
15.227176 -17.210460
-12.527015 -7.660882
-14.795348 13.644299
12.033267 -13.865589
16.751723 -3.417070
8.971663 17.774168
6.374675 -13.023720
1.906350 15.858887
-6.065620 -17.017704
4.324340 -4.103504
-0.346350 -12.297701
0.204120 -19.792463
-19.041681 6.756023
-18.240655 -15.396645
12.708012 5.939988
-7.281786 14.163596
18.932084 -19.396215
-7.919590 -10.995824
-3.279287 8.579825
-11.912592 -19.596658
15.256996 6.683394
15.040420 -11.737141
-12.836473 -6.072353
-4.743850 10.741900
14.868520 -9.415547
8.533910 -2.690398
-19.939483 -19.362875
-13.858689 10.122989
12.602356 8.112156
2.799064 -10.228473
3.961002 15.264278
1.396461 -1.680188
17.914226 14.993813
15.962168 3.614331
-7.402629 -5.954833
-17.743845 -19.449890
-14.012341 5.289474
-7.204672 12.164806
-15.649790 4.005452
-18.447341 -5.663927
2.892754 9.790501
4.556705 -19.440944
-18.591140 -15.348085
-3.798869 6.215851
-0.649993 -10.295925
8.776018 0.202034
-9.126772 8.985724
0.054920 -9.659746
18.586841 -8.623718
18.886987 -11.380681
-0.853449 -9.388419
17.861198 -10.538837
3.012145 18.353693
4.209495 11.175522
-2.193673 -12.919052
10.460021 -5.766323
9.677368 17.018452
-0.874323 -2.552270
13.865665 -2.899848
-15.347439 -7.178391
17.030232 9.548674
11.957065 10.397837
-8.810023 -7.687670
12.245067 -3.294976
-10.334373 -17.475126
-18.854832 -6.466428
-2.291063 -0.486177
-15.240497 4.086931
0.603372 13.935635
3.268503 6.485413
-10.378325 15.841671
17.099550 -17.221455
15.896778 -5.499341
11.001151 -16.202404
2.698677 9.935038
3.244370 0.052703
-17.300912 -7.114495
-3.581965 13.847914
-12.577048 8.069147
9.831652 -18.406512
-1.113075 -1.364814
-5.732588 -1.481030
-3.391454 2.915652
-2.377882 -15.442313
11.056712 8.071667
6.689124 -6.629865
-11.752094 -7.894868
-11.904216 -13.305827
-8.952324 -0.884008
9.562719 1.863931
3.735096 7.751796
-4.976264 -10.872180
18.054130 18.897754
-10.619607 1.631913
1.629244 1.510005
-1.466413 -16.276286
15.730411 -4.843901
10.434682 11.736982
1.198729 -10.416980
14.908633 19.990019
16.586650 9.737036
9.038169 -5.274145
16.416402 17.144188
4.569217 -18.986915
9.251070 -16.135164
-8.888499 8.444914
-5.963447 -8.366900
-9.059727 -12.158869
-12.891167 -1.854501
18.912866 14.299875
-2.119606 -0.629865
-11.613424 -5.528487
4.097696 -10.662311
11.544681 14.106733
-16.302930 -16.044503
-12.629461 5.250003
0.861898 5.471065
-0.492203 -11.011930
11.271924 10.877269
-1.130436 9.872407
-7.898439 3.375855
12.259817 -19.689849
16.341474 -15.692638
-8.530956 -9.936500
10.383940 7.001682
19.040933 0.779056
19.480561 14.336563
-0.138683 19.923117
-5.244131 -6.269379
-4.553124 -11.956044
-17.020088 9.986023
3.257649 3.881431
-9.174684 8.126681
-1.353958 1.300879
3.475520 -12.397230
-13.250969 15.425220
-2.005543 -3.817778
15.265859 7.546792
-10.160895 15.951707
-17.991600 -5.713490
-5.866676 17.208269
18.535287 12.315580
-2.983383 3.959945
-19.113582 -9.570829
16.853337 12.429160
8.061169 -9.630979
-8.751707 -0.817140
5.893048 -16.508258
-7.116751 7.945804
2.405150 19.517747
6.926209 14.360563
-1.166057 -1.861239
6.958921 -4.926550
-1.051105 2.974208
-5.873891 -9.234977
-3.755027 -12.715283
-15.852278 -9.563971
-16.490525 -15.784669
15.800027 -3.356797
-13.471367 9.031502
9.113174 -12.754156
6.073359 -6.827112
17.799317 13.997991
-1.097053 8.263696
6.745194 4.153542
18.600359 -9.396517
15.192644 -16.693198
-12.782891 17.686859
-11.212653 -16.542361
-6.192041 -0.880359
-8.974783 -11.054640
16.051502 16.842507
-12.530571 -2.487658
-2.078688 18.967187
11.126147 -12.756805
-10.649180 1.553993
-2.295985 -19.795513
-7.337595 10.206995
9.002445 -16.632912
17.731715 -13.731928
11.812321 13.267828
17.662334 -12.912069
15.411118 11.906472
-18.741098 -10.503580
16.541966 11.770328
-6.171664 16.140795
-19.435126 -1.957104
2.400163 -16.471959
-17.848643 16.195049
-9.011956 -18.266780
-15.428447 -2.065996
10.615376 -18.152181
-4.424938 10.930428
7.550809 -2.909425
16.096498 -6.433223
10.832233 -8.075816
5.008782 -9.725921
9.021234 17.318251
-6.706443 -18.971441
17.865982 14.257057
0.891693 17.885467
-5.313847 17.097174
18.353783 18.490362
14.903421 -5.366847
13.324394 14.340983
19.007213 2.709632
13.894015 7.061722
4.596937 -4.961092
7.427194 7.647695
18.340068 5.965604
3.053247 -0.903160
-2.813881 -0.264676
-11.675825 7.743889
1.818000 17.159449
7.231649 -0.346958
-0.364637 3.812126
11.047532 18.979568
-19.524585 11.717065
17.503015 -13.739298
-13.948001 -14.902586
3.522963 2.519594
10.691192 -15.570179
-8.630752 -8.764938
-17.922564 -16.357800
1.396467 -18.456898
-3.586242 19.961184
8.378190 -11.012651
-18.860641 17.719286
-8.894526 -6.017486
6.935230 -4.949961
-17.075423 6.263843
-18.804459 -14.655687
-1.423956 -6.267692
6.965110 -1.115222
11.496126 11.723109
-13.422069 19.098158
1.820683 3.133407
-19.203000 -12.720410
-18.429665 -5.864747
-16.427289 5.258153
14.068518 16.031158
-16.194886 1.425689
-19.871343 12.600899
-1.678181 -19.997012
7.892404 -10.784487
4.418108 4.405727
8.043066 -2.961095
16.947303 16.192657
-9.353964 11.203659
-0.173539 -16.126181
11.811450 -6.980145
-4.640336 -6.315993
3.889510 -9.997510
17.784666 -5.778015
7.919044 -18.851884
-17.680945 12.736990
7.986900 10.552618
10.684242 18.662037
-6.455757 0.117543
2.473552 16.618429
-3.152085 -7.385467
-14.877921 10.428501
4.394718 18.167145
-9.278243 0.246570
10.612933 -4.375789
-19.334987 -3.142751
4.388897 14.706447
-13.642746 8.463647
-3.625384 4.652823
5.788743 3.220286
12.101207 16.806849
-4.947103 -18.727657
-11.826319 -2.685475
5.065856 13.256964
-12.551285 -8.644885
12.221157 -19.180571
9.369709 -14.859894
7.865463 -11.540684
8.393539 -2.346509
-10.347484 -0.810967
0.008992 16.027144
-8.465525 -14.293292
0.718220 14.574648
8.357639 15.233074
-4.096708 4.405299
-3.483696 -10.452453
-17.879048 -19.183512
-8.482815 19.915735
-8.587617 15.979935
-2.831556 19.170935
1.223615 16.865621
-13.855032 -5.235133
-16.504164 15.297723
-19.856013 14.733805
12.651610 11.881533
-18.982395 -8.637638
-19.658925 10.684822
-17.407056 10.494314
-1.528013 -19.283215
13.438748 -12.913041
-14.657196 -12.662385
0.362465 -11.775263
-10.948527 -0.727206
-19.765654 6.728451
-10.446672 -10.403905
-13.512193 -10.230703
-0.806073 14.542450
-14.812350 -14.348884
2.036856 11.195863
-6.514239 0.411631
-11.418312 -1.346343
-0.568409 2.358931
-15.915446 -6.043292
5.771369 17.722774
-14.611304 -6.140078
-15.685547 0.508922
12.440560 19.447688
-11.003746 -14.655733
0.279673 -4.554429
-9.389183 18.160043
12.067845 1.645488
1.346818 8.011026
7.521965 -1.020094
-15.471048 -11.832687
-13.156733 6.364886
13.143135 3.036258
7.649080 -11.407572
-4.131868 -3.654539
-3.646188 17.529488
11.698769 5.099232
5.054516 17.908986
-10.338479 10.776943
-7.844505 -14.488463
-12.353877 -17.195575
14.563752 6.289379
19.444607 4.461008
-10.820637 17.335045
-10.405165 -6.525397
13.647586 -5.685313
1.335661 7.463363
-5.532126 19.641413
-1.901041 7.900825
1.112493 -9.402479
13.653627 -2.521148
-9.817239 1.191219
-3.159668 5.829898
2.564573 -15.826951
-13.597989 -2.942070
5.610315 1.678207
14.581626 -4.983869
2.087642 0.953578
10.047475 -14.926438
-13.433070 -13.330603
9.254359 8.178002
13.413266 -6.587076
-8.100296 13.941484
-1.248507 0.990855
-15.575765 3.403195
-9.434115 13.025837
8.735524 -18.996967
9.923468 -14.511823
1.051444 -3.235729
4.357304 2.539156
-6.237441 -19.737205
16.697319 9.447386
4.478104 -6.180705
16.071748 2.688027
-2.347676 13.389964
7.795679 14.754213
-6.209299 17.941350
3.239781 -0.337512
-11.476316 -6.941543
-17.012735 12.285002
-15.041971 8.739514
3.299651 -11.826715
-16.560342 -9.952882
18.523049 -13.648822
-13.199582 3.771508
15.512908 9.314906
1.722905 0.204089
19.349436 0.408980
18.527045 12.263868
15.672970 -4.338350
2.941759 -6.490790
-6.748340 11.802698
-16.145503 9.057203
1.667067 10.902582
-18.332147 9.989964
-2.291253 -0.093216
-10.347441 7.230487
1.468775 14.276161
-14.932387 9.315740
-17.714964 14.324792
4.666680 1.973396
-1.527759 -12.708128
9.354050 -4.126220
17.374687 -18.712116
-2.149907 -8.534601
3.839856 16.680988
-17.925999 -3.072646
13.713346 2.092809
-12.049743 16.606761
-4.345208 2.339055
-14.966513 -19.759354
16.046867 11.263728
-1.925550 -3.994129
-10.451034 7.288429
-9.357598 -11.161558
19.954730 -16.847739
-7.661305 2.205886
10.505756 6.474540
11.664779 14.835712
17.776862 7.309758
-5.084439 7.458115
-7.711248 -14.126288
-0.003170 16.424537
-1.301057 4.728594
-14.053486 -13.909971
-5.273118 9.961422
-9.667215 18.831118
0.365834 3.884075
15.845490 -9.685301
-15.172428 3.873333
-4.373282 -18.385427
-7.674516 4.040983
12.565921 7.693513
5.940670 -14.655399
11.376692 -5.973653
-9.598897 -16.312277
0.288735 -18.326978
19.899194 -4.461960
14.394440 10.666465
-14.925621 0.313798
-13.751646 8.872709
13.512544 14.776041
7.124668 16.137936
-12.346127 -2.870258
10.942778 5.317001
6.776232 -4.198499
12.730172 8.261123
-9.297609 4.107460
-19.808663 -10.303000
-5.945655 -18.328016
-19.019212 -7.904123
-17.563893 3.394565
-16.999003 -19.179956
11.272692 11.981302
0.612710 7.151503
-12.060996 7.040944
12.950337 8.330296
-10.116361 19.540854
-17.826072 5.113812
-17.686024 12.507972
-1.823442 13.163152
16.174472 -4.301567
12.906759 10.416453
12.607845 1.028771
-0.106251 16.756321
-14.366569 -6.212673
6.773441 1.538326
10.480167 14.686325
-13.231005 12.594344
-19.859803 -18.772213
-10.416690 -12.387059
-14.777871 12.271660
1.883300 9.753709
8.376368 -15.712970
16.982595 -6.251615
-12.902906 -11.740526
12.915914 -7.080163
-17.567085 -11.782017
-2.443458 -18.148409
-17.420736 9.457790
2.101402 6.890123
3.316468 11.305417
11.928970 -6.423808
18.148186 -18.574074
-13.781941 -13.531363
7.159528 -17.276945
16.188955 -10.531294
-11.747112 9.065891
-7.322375 -17.600172
15.766516 -0.023893
6.655061 14.315637
12.608892 -19.436261
19.639378 -6.028851
-18.743873 -5.468664
-1.474644 -15.865102
4.487432 -10.650270
-4.679263 -13.022919
8.549053 8.479771
19.933986 12.284582
-13.248916 -15.103852
-19.419719 -0.247145
-7.903429 -14.656715
-12.884753 4.454878
-6.842680 -11.166897
-10.137661 -19.191226
-10.314524 3.891768
-12.506424 0.381445
-5.290964 -14.883647
-8.371417 3.260776
-10.101135 -1.649251
-1.627936 -9.152320
-6.239931 -18.356147
-16.823406 -1.355199
-18.411593 -15.664260
-15.068363 -1.855191
-2.784675 9.185481
-17.658814 7.934041
-13.232068 18.819606
-18.395648 -4.975954
-8.112952 11.758031
-14.030856 -5.638433
-8.086664 -15.101448
-9.575039 -9.772414
-6.440923 -10.159399
18.285149 -5.327348
1.511096 8.477725
-19.017351 -10.426048
-6.620455 -8.859676
12.307599 -5.514585
8.338828 16.068398
16.392569 6.559685
-7.067266 12.847268
-9.517880 14.323320
-6.039679 -17.190347
14.308956 -18.812773
3.635762 -14.193460
-4.678739 -11.395790
-16.828700 2.353072
5.004413 -7.690540
19.359008 -6.082321
-19.305919 8.002621
-14.020579 -16.383025
-11.133700 19.558685
-5.908535 -2.595507
0.214837 6.521181
18.331616 16.322408
2.373829 13.936096
-14.201829 -11.581364
-18.960913 6.875134
2.203187 0.483988
17.293635 -12.578122
8.755172 -3.531440
-18.254411 12.095626
9.054818 13.882269
12.062744 -1.564311
5.693035 13.462911
3.201652 -2.312522
-7.653476 1.965078
9.789256 14.978962
-14.512043 17.309301
18.216192 0.381829
-4.729309 -11.172846
-0.733559 0.955018
-0.600205 -5.027869
-10.284598 17.187570
9.446424 7.106263
-19.405945 10.368332
8.912000 8.102062
-14.945204 15.039250
-10.757321 7.751954
-7.900812 -15.326237
-14.810287 -19.309385
-1.880492 -1.559565
-11.826846 -15.303310
14.006976 6.010673
4.166227 6.224299
1.107615 -6.329421
5.776295 -0.527883
7.286916 -4.792035
-19.647359 -4.415619
-6.043199 2.714314
3.044901 -15.722852
1.243867 1.944148
1.358970 16.040694
16.193142 -16.871177
17.271059 -18.072147
11.989193 18.153851
-10.058587 1.067427
13.487934 12.425166
14.863066 -9.049125
-3.187783 -2.207993
-12.933328 -14.172596
-1.541330 -8.467784
1.427127 -6.460210
4.175538 -9.875785
14.266035 -7.831436
-18.043176 5.935690
-9.622370 -1.248884
-4.784708 -5.196438
10.600269 -0.246260
-6.415562 17.965591
15.507733 -19.283429
11.388654 -9.810432
15.143013 0.522854
-2.292366 15.498862
-4.343683 17.755447
13.603388 -19.278498
-7.080988 4.181182
10.212006 -5.240843
-11.070914 -17.031503
-4.024144 13.685560
-5.955028 -11.889479
15.653375 18.842477
-11.340855 15.990634
-14.713387 15.270241
-4.962935 -12.331476
8.357476 -11.615432
0.462387 3.882615
-12.073339 -18.396274
-16.417487 3.290348
5.594420 17.493772
13.210133 8.729420
18.322947 -9.146821
-3.880732 2.277246
15.600982 -2.285221
-12.871041 -1.176908
-11.098453 -2.906835
8.497069 -4.103280
-6.305004 13.111678
14.406064 15.463790
-16.025099 10.686637
-17.045852 0.313138
-15.136650 -19.303846
8.233072 -10.464641
4.892066 1.363582
-11.014088 -0.298594
19.116548 -18.561598
-13.412112 -18.223884
-12.181257 -7.016241
7.910632 -14.606148
6.306179 -0.778258
-6.894685 10.423629
3.945924 17.529034
18.049271 18.649851
-2.645301 -7.947306
1.672517 -16.949842
-10.418564 13.531754
7.439558 -18.402783
-5.063251 2.886366
-17.057068 -8.706134
-11.956167 -19.293094
15.431127 -3.316030
7.195007 -12.051711
18.809638 -12.527529
-1.428108 -17.306113
-18.121340 -15.818748
4.050794 11.144120
13.374883 19.535925
-9.013453 0.812411
-17.980763 -16.779789
9.167337 10.214353
15.354513 -0.380590
-11.438083 -9.666580
19.988565 -2.539977
-4.621931 -11.228496
3.046805 4.427365
-8.559177 4.416383
-5.161025 9.212338
18.519115 -1.139364
-1.733805 -15.545628
18.762759 -6.556965
14.637673 -18.407369
-12.271419 -17.869947
-10.425986 -12.792133
14.653295 -19.723781
-13.964234 0.168136
-1.861031 -18.778347
-15.255437 -0.724549
-12.158110 -18.118545
-5.109147 -5.025657
13.922745 -3.662506
-18.416884 6.009568
-9.896231 7.180908
-19.504330 -7.886078
1.764930 7.895422
-5.489599 2.776097
-3.945278 -2.959748
-2.174974 9.475708
17.378517 -2.632864
-14.507538 -15.528368
-17.469766 8.493923
-9.268545 15.439903
15.185487 12.480304
7.990266 -0.750164
14.707138 -14.835822
10.859169 -10.043044
-19.562267 -9.362559
18.276162 -7.723523
-16.734440 -9.078188
7.932060 17.018555
0.708657 17.284772
1.951207 19.163070
-11.090488 5.515357
-8.953377 -13.446201
14.238006 -3.033116
-13.479630 4.429445
17.080795 -11.343927
-19.596646 19.688929
-14.811480 3.891540
-15.331942 13.270615
12.042321 -11.160528
13.570263 -17.841614
-3.819140 13.523003
1.615101 17.973586
19.580347 7.742845
9.044147 -3.636350
-4.655068 11.597920
1.099068 -15.720871
-10.633031 14.361336
-9.432166 -8.798367
16.870626 12.328354
-8.625158 -13.250221
12.719181 17.201759
-1.227547 15.081592
17.638330 8.658539
-10.351347 -15.000764
-19.121998 3.451060
-15.662783 15.545654
16.961574 4.832745
-3.738904 -5.986393
-13.154165 2.081122
14.183532 -0.110803
-16.826437 -11.044539
17.609026 9.383092
-10.190831 -6.953873
9.965672 9.613443
2.415665 16.674357
14.183752 -16.051468
-10.059814 6.292364
0.784986 4.049066
-9.305870 -7.702811
-14.005945 8.832084
14.392979 4.502551
-19.751399 -17.202039
4.986806 -5.911340
16.316356 -9.199534
0.771819 7.012361
18.627433 -19.747152
-17.497907 17.105584
16.223922 11.972480
11.535743 7.738515
7.353719 10.855748
-19.393389 6.016535
18.028384 12.176271
-16.059170 6.965558
11.711921 19.419093
2.176555 1.170006
-10.199859 -9.761084
12.298624 12.800734
16.671114 15.631026
-16.095191 -16.732051
4.777081 9.798041
3.040423 12.654785
13.798705 -17.189557
-19.836960 -1.912427
-10.485201 -5.584350
1.321883 11.828397
14.830718 12.173886
-6.344060 -9.815089
0.126391 -15.856410
10.999767 18.721132
17.811426 17.814408
2.636207 -8.036279
-17.224278 4.789451
-13.966509 -10.045438
-5.100822 -0.913266
12.466455 17.913796
-5.371519 -18.437340
-0.831168 -12.327300
18.734027 15.057687
6.086987 -0.709201
-15.334680 13.612953
-6.902130 5.441486
-8.774622 16.794467
16.999935 14.311352
16.636275 3.578572
3.449149 -1.906293
6.361187 14.202397
-17.417307 -13.420328
-1.521883 15.454964
-5.305228 14.664130
-2.981262 -9.831478
-17.735655 -4.890120
-13.857540 16.137737
-5.832786 -14.137454
-18.003582 2.706526
-10.480160 10.033050
14.828410 -1.714541
15.934387 -6.531111
8.818320 3.800737
15.076743 17.854631
10.398940 15.597115
-3.791084 -11.402972
11.136530 -17.816879
-0.793995 -5.593884
4.638042 -6.570314
14.639006 -16.193098
9.865958 -1.133077
2.037996 -19.367258
10.674459 -0.735600
12.154883 0.355757
-19.256333 17.774092
-6.858366 -0.633847
7.499692 6.933994
-3.462770 9.893759
-4.659273 4.374829
-13.712946 -16.116256
-12.625639 -12.214058
6.161078 2.275924
-11.524688 -12.200560
-7.263920 11.853011
2.241641 -11.674114
8.570887 -15.583352
-1.342194 14.603315
-11.205179 16.202760
13.327965 17.240088
-0.873478 2.732590
-17.462914 -9.821207
6.466820 -0.881980
-8.408420 -7.310159
-8.156935 -16.004360
-6.567696 -6.145491
6.689256 -4.504903
-19.883615 10.957556
0.793883 13.609431
0.518974 -7.868553
10.256940 -2.511179
3.275915 10.984726
-18.874124 -3.528571
-14.139896 -6.957286
19.669201 -2.566800
18.902638 -11.095664
-9.742236 5.040224
-4.336363 18.941287
-14.272872 14.559161
16.068748 -5.489416
9.624249 10.209831
11.598703 -16.751955
17.398047 12.749563
-8.771633 8.354542
2.433856 14.979559
-0.873787 8.577509
14.602790 14.691728
17.410710 2.740206
-10.266057 -17.670178
-9.902223 -13.674347
-7.289841 -10.513681
16.588980 -14.442103
4.206451 2.912520
-9.132909 19.909122
-13.736268 12.631431
12.764338 -18.061346
-9.846846 -8.962903
17.001445 -15.320935
8.232306 -1.170961
19.693716 8.378963
12.535339 3.773610
-17.616575 -12.837656
7.235914 14.836416
-2.785503 6.634615
-5.168814 9.183043
-10.478919 -0.325964
12.735291 13.313659
-17.906247 -2.863466
3.863764 -4.539438
-15.810303 -19.566855
11.159568 -15.566606
3.919037 11.141759
12.454147 12.622785
-6.281559 -7.465314
1.939083 2.507923
11.402966 6.338381
-2.377656 8.837665
-14.320135 9.693339
6.594905 10.145445
-10.771014 -5.448300
-7.944348 9.307939
15.297997 -11.010955
5.767726 -16.766719
5.691426 -11.036205
13.834261 -18.505590
9.666862 3.707730
-10.988321 16.016537
6.877430 3.024672
-2.335747 -18.676843
-8.173615 11.304798
7.766143 -17.276286
-14.659117 14.186028
11.241081 4.833887
17.500930 8.910203
1.404002 13.700020
14.299486 4.668761
8.476136 -9.863545
-4.670127 -8.031568
-12.931517 -17.333936
8.772043 15.395110
5.226920 15.531601
6.796529 -16.310377
17.531342 -17.345273
-4.723594 -9.408437
-15.817083 8.747472
-4.494768 -16.050271
-9.133108 17.996747
19.503000 -8.468456
3.824858 -10.404098
-4.512571 -7.182067
14.514402 -18.875492
16.720011 -9.593379
0.476557 14.360693
-13.180616 14.366207
-7.104351 -3.360898
8.781760 13.860870
14.893681 18.417522
-12.816315 7.458213
-4.004782 1.844674
-16.110877 -8.635147
8.357728 4.285770
19.405166 -11.407229
-0.135003 -7.454304
2.218109 -1.917188
9.196271 7.105970
-3.279058 -8.085285
-0.698014 -18.748703
-19.967587 9.440867
-10.880748 1.469603
11.139893 18.480035
-3.717777 19.375950
12.447009 -4.390320
17.798383 3.710256
10.037510 7.448532
6.778009 -7.307797
-10.565932 -10.934733
4.504057 -16.168537
-9.126970 16.131644
6.439616 1.561612
-0.452225 -18.475116
-7.436836 -0.591511
16.333742 -9.586044
-0.741172 17.261739
12.866666 -2.981498
-8.183416 -17.081879
-3.258114 13.697982
16.234187 5.415481
12.074798 -19.813388
-4.707829 -4.357682
4.552206 13.912251
-19.033448 17.532597
12.120767 -1.546619
11.488189 -14.977561
-2.567676 -5.020361
-14.164778 0.374229
8.718168 -19.281257
13.043655 16.557125
4.251465 1.666977
5.225526 -15.121273
6.276149 -8.756652
6.311558 -18.774322
-2.105230 16.663080
18.294214 19.896419
-0.248868 -13.194663
-1.266398 2.366109
1.009703 9.351342
-8.070274 -15.624498
13.129135 2.193560
6.355451 11.478024
19.309609 -0.905203
6.144005 -18.025078
4.326313 -0.026077
14.511858 5.760023
5.034954 -18.483919
-8.262932 3.211750
-10.039489 10.156975
13.381932 -12.705596
19.077598 2.373475
9.206128 -10.411210
8.309025 2.199188
-1.666673 0.881736
19.832343 17.363965
7.785806 2.951264
-17.690224 -6.724319
-7.433270 10.163566
-8.287841 16.950278
-11.168183 -0.100866
16.536086 -11.569920
19.828587 -16.790813
17.715033 -2.990717
6.138030 -5.581933
-17.154855 3.570420
-1.030212 -15.284889
9.272649 -19.039555
2.427639 -14.181438
14.012796 16.138912
4.075334 13.270161
-17.270676 1.075881
0.439235 11.012717
14.216201 0.877692
-16.667515 6.563280
3.419067 3.655020
13.309923 16.902040
-15.321125 2.036791
2.502896 -3.771072
4.450784 4.435246
0.439324 15.708460
-16.653151 9.531630
-3.686542 7.113319
7.262103 -1.467391
10.202534 4.275184
2.044816 4.305664
-17.005444 4.163958
16.747162 -12.179709
3.618013 16.696861
18.259451 -15.775502
-6.463083 2.603512
1.116370 -13.090437
-14.657922 -9.013622
11.237897 -8.468409
6.372198 15.031923
-9.315614 -4.399053
4.109661 -18.430486
8.734995 3.602024
0.565879 -13.175696
-1.781258 13.395943
12.312307 12.647943
-12.212164 -5.938329
4.050408 14.515478
-10.213360 -17.842387
14.175779 13.377316
-16.218550 -14.437127
-9.849705 -11.108581
-3.667511 -13.984046
8.491305 -10.890280
-13.604817 8.564246
10.393850 2.061393
10.299582 -0.634519
-1.740315 13.974677
-3.050658 7.997409
-7.803488 -5.976938
9.015730 -7.343708
-8.464369 16.181631
4.410999 12.014704
6.361919 12.117436
-15.984135 12.548273
-7.947725 -13.839117
12.702271 -9.455414
-4.871664 -10.953668
-4.144834 -14.448194
-18.547152 -4.779434
-6.028917 -12.937339
-14.892128 4.651417
6.012571 -8.086776
-16.666888 3.028081
10.900393 19.670721
7.594667 13.087847
-18.316171 14.360355
-1.604869 -4.529250
-5.943098 2.496786
9.050117 -4.128694
-15.298079 10.049346
-19.613988 -15.415139
16.242252 -6.400230
-15.869150 -15.092791
0.120426 -4.008666
4.761176 -14.604231
-4.064658 -0.874209
5.860907 -9.543883
0.032850 -17.807877
-2.671846 -0.502086
-2.538827 -15.016319
-2.951578 -12.576418
-2.271138 -0.623301
14.694947 2.501322
-17.230376 11.090337
-2.769565 15.234671
15.008791 -9.623635
0.229487 -7.595323
5.729317 6.974824
11.829553 0.253990
8.010727 9.161428
12.483824 11.260729
-14.939298 -18.735549
12.218709 -6.432220
15.797631 8.621697
-5.802577 8.628080
19.413174 -1.927950
13.947285 11.810477
-4.831664 8.339598
2.116783 15.525574
-11.268695 4.029741
-1.255391 -4.595045
18.825670 -9.596982
5.935898 5.926918
9.843610 -3.276652
10.996512 -17.977786
-12.150946 -4.836500
10.908620 -14.479520
-7.511971 5.599081
-17.553889 6.910171
-17.731462 -11.133532
-19.406633 16.697052
4.982941 -15.662529
6.857710 -13.301356
-1.995551 -8.091292
-6.949779 -4.294364
17.465362 2.126828
-15.274984 -8.591828
-3.282374 -8.195865
-1.734300 -0.681424
-18.303972 5.492923
7.634724 -5.894795
-11.345613 -3.449892
10.032791 19.075322
11.627863 11.794303
-18.027297 -7.683038
6.929975 14.315014
7.282235 -11.029933
-19.816439 -5.732865
14.535128 -2.771162
-18.947388 -3.720058
-2.405981 13.687401
8.693184 7.074635
10.280648 -6.329375
-19.094901 -18.051983
10.674772 14.577608
-19.121834 -6.504769
-18.427059 -10.257992
2.052041 -9.847108
-7.865862 -8.964345
2.647269 5.744440
-6.051108 0.924729
9.496772 -0.593528
-9.999829 0.496546
-15.857942 -8.332035
1.546991 19.737835
17.243989 18.960429
17.145846 13.856877
-18.472197 5.778674
11.203018 -15.954695
-0.705889 -14.160203
4.625763 -19.613976
-12.804360 10.567462
-7.178378 1.936603
0.546739 4.776222
5.254460 4.059170
18.603996 2.058066
-9.996099 18.560178
-17.153590 14.067448
-1.518920 11.586368
-10.493183 -5.433412
19.628696 2.412194
4.620552 -8.425013
7.362622 -16.556676
-3.155337 -15.047603
-5.555291 -8.727807
-19.759970 10.730455
16.066155 7.804130
1.482337 14.680343
5.887484 10.410303
-6.062576 -17.519045
12.400157 2.954356
-18.965258 -10.740692
12.200399 -5.539369
-12.689727 -17.375990
6.250389 1.762035
-3.463941 -12.959219
-6.890850 -9.300677
-12.333599 6.156721
-9.279920 15.963730
1.868744 1.898845
3.920351 15.491315
-3.085345 -3.899526
15.993986 18.532877
-11.075900 8.222355
-2.157376 -12.396436
8.971480 -3.293276
18.062973 -6.734357
16.949335 7.780443
-5.714495 16.723845
-15.637505 -2.897616
8.405514 0.695038
-0.891906 -0.193141
11.294603 -8.199828
-8.750188 -8.905476
-12.689114 0.149523
17.993234 -2.934832
-17.371125 -2.758091
17.237309 3.575708
6.757805 15.167578
-10.019805 4.201661
-1.437919 -3.237711
7.522405 2.392116
-0.527605 10.361876
-18.941402 -4.654966
-12.938581 3.817448
5.686756 -19.692906
-11.693463 -0.884789
-7.382342 1.739182
-12.808578 12.991192
-16.211815 0.960785
12.162475 14.505163
-11.187511 -1.602003
-5.057208 -5.364841
17.022295 -5.460563
-8.115737 8.819511
-12.907528 -9.642177
-8.976166 5.288552
-19.767138 -17.909824
-3.309502 -3.700881
2.607896 9.487321
11.910624 -8.148989
16.277386 -11.382772
-13.634445 -7.284894
-2.123859 -10.471701
13.085661 -0.841947
1.666412 3.573100
-5.526126 15.202136
-5.009037 -6.990501
8.706554 -9.355205
11.341531 2.317545
-4.885632 13.121496
2.765355 13.496560
3.913581 -10.286621
7.353631 -18.450611
-4.563066 11.956408
-0.486562 -18.854078
19.769478 -10.140322
12.363671 14.736651
16.658109 13.976434
-8.599994 -16.427728
-8.320212 2.942971
5.844804 -6.382088
-13.927241 5.284358
-17.150900 11.772715
-0.410857 12.055102
-0.133125 -19.886173
18.314866 -7.852362
-7.675468 14.979400
6.052603 3.689293
7.259260 3.644151
-13.571934 17.653725
-9.644575 16.575824
16.198039 7.424826
0.716762 4.427310
-4.307648 17.659737
5.975205 10.045722
11.788071 -4.512268
17.103693 -3.822477
14.449674 -16.682593
1.854303 14.134984
-5.729145 -4.589452
-13.235393 -2.735692
1.180281 2.297481
15.535754 -2.062573
-17.073402 13.269840
-3.380151 -8.729304
-1.616082 -5.580191
9.289353 -0.362164
2.209545 9.536146
-14.148462 -0.475733
17.869965 -18.683948
-7.281039 7.914181
-17.381415 -0.855614
10.770853 9.165780
-0.217579 -12.907494
12.473902 7.698268
0.347398 8.236001
1.320585 7.424545
-13.972563 16.008164
12.660403 9.075123
-4.064249 4.675141
2.406748 10.110534
-10.936419 19.456101
11.080640 -16.512576
14.391697 -2.450220
8.036854 12.478992
7.948516 -19.885236
3.955502 12.103611
-11.204445 2.345816
-8.053507 -16.428175
-16.271368 -5.537416
-10.009917 -14.107471
3.665724 -7.111120
5.232630 -12.458996
17.938528 -16.113607
-13.113343 12.672963
11.136509 -6.072925
-15.699093 17.476931
19.400824 -2.855312
13.526594 8.878400
-6.868862 -7.675331
19.727708 12.509455
-8.985181 11.092810
15.983614 -5.742242
-13.104250 -7.329866
-10.566838 19.151323
1.592960 0.986012
-16.253870 1.715460
-17.636300 -8.043535
11.209969 -16.851159
16.888200 -4.072329
1.288348 14.950515
17.328039 -0.936570
8.393790 0.258438
8.576807 -8.788676
-13.614992 -14.900157
10.525980 -5.162284
11.223609 -5.157303
14.734368 10.613920
-2.330479 19.544352
-8.083469 -5.003870
9.969577 14.825063
1.253566 5.027648
8.595244 -8.363519
5.654631 9.906499
-7.669875 5.793792
-3.522013 -8.379261
-1.212766 -18.150714
3.746640 3.781585
14.500179 -18.787227
-15.791798 16.374591
-17.927975 4.251463
4.208990 9.918143
2.234148 -11.969876
18.025270 -1.520082
-17.255922 2.088542
3.324838 -15.919594
5.367241 -7.297108
-11.301834 -14.617899
-14.696905 -3.030870
-13.393341 2.951864
-12.352820 -3.759343
1.404474 -11.957823
10.476783 -16.433476
10.586657 -10.045432
11.927132 3.488492
8.565133 -14.712246
-2.215905 0.334148
-5.271908 -14.275188
-14.111204 -1.764627
-0.097763 2.631747
-8.256599 -10.235866
6.646151 -1.013465
-13.838515 -8.734335
-1.536475 -11.148439
14.831746 -10.976512
10.600421 -13.080415
3.551770 -7.766184
-17.654944 -19.315477
1.671904 18.395180
4.804418 13.825660
12.895752 0.071076
17.303771 8.802621
0.267566 2.353533
-17.710740 4.072341
10.471545 -9.799997
9.951438 -2.693663
-8.463427 0.362072
5.058040 -12.009298
8.370153 -16.908723
-11.307632 -5.199841
-17.075893 -15.699751
-2.093763 -18.373682
17.741057 -16.040090
-1.338560 -8.041559
-1.293841 13.907849
14.252155 17.440023
-14.723386 -6.456421
-6.472215 -12.083849
1.150782 3.749487
2.969449 1.909095
-9.433850 -9.540719
-3.414741 -9.115058
-3.265884 -19.140992
13.797143 -8.714368
10.695222 -18.187780
-2.855388 -9.146973
-16.808053 -11.664177
-14.436426 5.549525
-12.936644 -11.776522
-5.085923 5.739991
1.207556 -4.605792
3.560629 -17.253695
-11.293073 -19.220012
8.311178 -15.189103
-9.219071 -7.226356
6.631589 -7.688787
4.767621 -4.822357
2.444976 12.152205
-5.290172 -13.217748
-15.519500 12.039717
2.573396 -5.876803
18.708677 -6.546517
-11.529596 -14.669080
-4.864811 12.065196
10.535657 19.141337
17.852994 1.555939
-14.728317 4.686278
0.789367 -16.334549
5.997512 1.674062
-15.299764 -9.293316
7.416491 17.500055
9.043968 -11.462436
2.934177 -11.472248
3.866823 -13.596725
-16.279022 -18.953181
-17.250918 -8.585742
5.812161 -18.491294
4.074185 0.262861
1.054527 10.652683
-1.942930 -7.348899
-10.480778 -15.800184
-6.777216 16.662227
8.981063 -1.005891
-2.770744 -16.844541
14.734799 -8.533783
-12.127478 18.522290
6.808642 -4.373008
-17.724488 14.851257
2.416746 15.749605
12.390313 0.897024
10.993530 10.646485
-18.998852 -10.301099
7.764289 1.878846
-13.024491 -15.364002
-7.597062 -5.074008
7.400057 -5.390298
-17.817950 -18.536132
10.221064 18.351218
-6.942604 -12.774897
-1.719305 -9.097147
8.623328 2.382321
14.720144 -17.644120
-15.117172 -10.603439
-5.426349 -12.015866
2.783140 -5.379722
-10.339241 5.740409
5.314042 -2.733628
18.373479 -3.964108
17.006252 -4.335092
5.334652 8.703597
-3.103323 -13.441682
10.752686 4.702957
13.355059 14.004611
16.218037 -15.344295
-13.456064 -7.508045
-15.317530 13.389165
6.893239 19.693216
6.890097 -15.888316
9.408190 7.920243
7.133614 -10.043389
4.968122 5.855456
8.764341 7.955018
4.710603 -11.970440
-15.154832 -2.849553
-19.315757 11.157316
-9.924493 -13.019548
1.522055 4.626643
14.424266 1.251760
3.632788 10.432676
-0.407341 0.804958
-18.913538 -4.760110
-18.445266 8.699312
2.448965 5.421875
6.114424 -5.305773
-8.253296 -4.347222
7.715398 -7.094528
-4.859418 9.608422
-0.349436 -2.441377
-16.020359 -16.859071
-14.130433 3.714389
1.642190 11.552648
-11.871675 0.072568
11.954682 -5.820433
-12.956834 8.303147
19.716624 10.334051
-12.766283 15.167397
-2.344055 -8.499461
-0.973815 -12.564080
14.542403 -12.871303
15.601835 -14.132660
17.318555 -18.037281
7.963723 -5.555881
3.600131 -2.668315
9.127228 -19.662447
0.004878 -3.204291
17.427649 17.114815
6.736968 3.956381
17.997199 -7.275800
-15.185874 17.800359
0.430418 10.863775
-11.016337 7.794556
-6.696722 1.449464
-13.081406 -19.658546
3.947590 11.747649
-14.686676 -10.796482
-19.966931 12.857281
-10.958647 8.025974
-19.189815 18.030818
-6.139161 -3.096939
-7.260281 11.440730
17.163358 -18.939680
1.677983 -13.088297
11.210253 -19.589570
6.915734 -7.429710
-16.755110 -1.378213
-11.667774 -10.358127
-10.484324 19.508981
-10.383967 1.711874
-8.045767 -17.571157
-12.656796 -3.506278
-8.437764 -17.497856
-1.779075 -18.913618
5.700432 12.665640
-17.050283 -9.416772
7.587490 -11.820004
7.829578 4.754253
19.304742 6.792237
18.515426 1.205892
-6.131311 6.457284
-14.742209 -1.648779
18.031003 -1.153676
-7.459292 7.916481
-14.707554 19.973372
-11.864266 12.107781
4.857835 7.360074
-0.450034 -5.255912
16.532446 -9.908135
3.786015 -14.063099
0.995594 12.212433
-12.069629 -11.932197
-12.931297 -17.328831
11.151036 18.555089
-3.559035 -14.063183
-12.121426 10.882794
-9.017824 17.651687
-16.192963 13.786410
16.258158 10.156254
19.329177 -12.903426
-17.015067 -13.335806
5.697344 -4.349577
-1.696100 11.217801
-17.448451 -12.261711
-7.978387 3.598983
5.989811 14.003951
3.579187 -3.298651
-13.440082 -9.580854
11.201879 11.866963
4.146709 0.512464
-16.596165 -13.099329
5.580225 -17.646630
6.858314 -3.204307
8.910145 15.568291
-3.688746 14.852247
-14.565146 17.091645
10.039902 -1.807200
-4.830932 -12.007340
19.807315 -6.929483
11.944932 -7.778239
-7.943705 11.035544
-6.999216 1.484373
19.616051 -2.397401
-17.385452 7.635282
7.899148 -11.957859
-9.445377 -7.219933
14.627778 7.007624
1.631342 18.128939
-1.712460 13.902982
9.637714 6.414797
14.029423 14.806892
13.148589 12.347657
-17.901283 6.248141
-4.656488 18.604352
15.464176 0.699412
9.922823 -5.818378
9.984055 -10.856185
-1.902310 19.553478
-16.699107 -6.237810
-2.774060 -2.764130
0.462598 -16.388343
12.854679 -5.315707
-16.293071 10.418313
2.218060 10.801092
4.649200 -3.900412
-6.227734 -10.050161
3.532255 -5.257424
-11.363088 -14.641063
-19.273840 18.490635
0.126883 -5.713119
5.048787 -6.460054
-12.019261 4.555183
-6.398081 -2.846704
-0.671686 14.027540
14.108036 0.171135
-8.243248 18.681914
-10.784966 5.767275
-8.325549 -10.131777
13.856265 17.979165
-13.995007 -0.045627
7.946612 3.341479
-19.568810 2.146382
9.945913 -16.339588
-15.645468 11.345042
14.526368 -1.615673
-11.580011 0.408179
3.659047 -11.624972
-0.740807 7.048808
-14.573784 -4.598459
18.434635 13.923085
-10.169990 2.171598
11.811731 -0.865563
5.936473 -11.186825
-16.648174 -11.346645
-11.589764 6.743760
-17.669864 -12.784248
-4.072575 -14.281130
-11.320787 -7.101555
19.867059 -3.395747
-16.472499 14.114914
8.963485 4.090752
10.902182 17.917007
-5.761611 -9.442780
-13.999546 -16.929769
5.264927 -10.631892
15.803937 16.689289
15.258761 4.386397
4.876857 -8.645887
17.998356 -5.658483
10.460479 -5.408359
-18.894219 -11.066075
-3.063620 4.633736
16.475451 -13.623852
-11.636028 17.998155
-9.568006 3.265313
-17.795246 16.039878
4.851452 10.170996
3.259493 -11.084436
-6.498063 -11.472887
9.921664 -5.701423
-10.690295 -13.494026
-8.926914 -19.196734
-12.520434 -2.215898
19.931266 8.719272
3.347620 11.040629
-14.299297 -10.842703
5.170773 -9.863923
-1.800095 -14.569126
-14.904406 7.863550
-4.945130 19.108933
-5.057413 -0.296293
4.924477 0.633716
-2.059613 3.447277
-11.588774 19.028923
1.615787 -13.307692
-0.522136 -9.401257
10.360744 8.903302
-1.473158 7.799603
-6.803132 -19.403130
-11.640225 -6.061062
3.315274 -18.208447
13.739260 -7.210009
-5.385380 2.827067
7.342927 19.504328
-3.078996 12.297799
-16.239416 16.372954
-15.319779 -8.722137
-3.073622 -4.282741
-5.596970 -5.173504
-6.175460 -12.933052
7.564059 -15.009287
9.767405 3.110429
-10.574173 4.848739
17.743455 -18.625866
-15.491359 10.703983
-2.470902 11.460289
0.764329 9.034960
-1.863586 -19.049164
8.989368 -6.219111
-13.701548 -17.155102
17.899413 9.797188
6.682893 2.646291
-3.521252 -14.688091
-16.526574 -8.256486
-7.803387 9.754890
-4.277712 16.771033
14.481018 18.099155
17.905335 -13.966272
13.952901 7.434777
-14.618986 -17.530582
3.365371 -19.802530
-13.246412 5.487788
18.789748 -5.665803
-17.069920 -8.217923
8.149264 11.214676
14.452333 -7.144980
12.799062 -9.051425
17.374576 3.703453
8.917069 -16.913374
-18.259805 11.252107
-7.576048 -4.567547
10.530031 -17.320526
2.522163 -16.575077
-0.972861 -19.644854
15.709792 5.124884
-12.294090 3.854029
-1.456620 6.011801
-13.409895 -1.470484
8.146758 6.386845
7.686899 -15.228787
6.948656 17.817698
-0.369385 3.639536
11.897550 17.978095
6.439183 -6.298973
-10.248347 -2.470682
-14.285325 -9.164373
19.751573 1.152404
19.395544 -7.716382
18.877432 -19.606762
-14.404206 3.687797
16.204315 11.006755
7.181183 17.807476
12.194100 14.702426
3.859356 2.938579
12.808434 15.394317
-2.441518 9.463739
3.420731 -14.489951
-18.640118 -18.545000
-3.547664 -17.856499
18.439506 15.752883
-13.884699 -16.521755
12.566329 16.546968
12.720236 -7.486646
-16.114387 11.120291
-1.606601 8.695759
-3.333614 -3.110541
-4.267138 11.582261
0.688551 -19.672991
-5.450064 6.589467
-15.112331 17.141363
8.979282 -8.115013
2.957685 -12.693206
0.488711 10.157261
-5.270428 18.562184
1.047633 1.228135
11.977125 3.477019
4.508734 4.316087
-13.323301 -8.463910
-4.881306 -1.608065
-3.744766 -9.542786
-1.193172 12.179739
0.045013 -1.757906
-2.958948 11.740404
-5.313931 -4.634109
-9.406282 6.448438
16.573467 6.950711
12.213177 -17.375693
-11.965384 -17.710633
10.176114 3.927765
6.794145 7.394843
-16.946167 19.666748
10.595072 -3.500597
11.079102 17.179545
0.862409 5.441981
-10.994616 -14.452228
-3.062404 9.989238
-4.293806 -9.380207
-14.040608 1.398021
-3.009512 13.076519
-9.351024 -0.415599
7.661387 -7.017038
4.627018 -9.671903
4.632394 17.668898
-10.785221 9.633467
-13.565963 18.976691
14.483821 16.410972
-12.738263 4.967858
-4.394222 6.804815
9.066066 0.034088
13.494368 -3.798783
-1.213898 -10.930033
-3.190933 -19.462807
-10.400457 2.313771
-14.372085 0.106566
5.316798 17.260426
-6.062633 -7.602434
-9.941931 15.972010
0.144604 15.928488
-1.949609 -13.666168
18.974340 -1.278060
-5.019781 -16.153861
-7.780736 -9.884898
15.092845 4.957945
2.934243 -4.141127
-11.943857 -12.638346
-7.526630 8.324832
-2.300562 17.684285
0.794790 0.404003
-12.565713 12.508729
-14.535534 -6.035792
-13.590075 -7.128295
-0.031155 -11.256535
6.489561 4.853482
-17.647765 3.143613
11.110230 -14.996271
2.906666 -18.960030
-3.011640 6.178875
11.046884 13.080661
16.896919 10.122804
-2.795927 -0.212203
-8.711078 15.058776
-8.402608 16.057588
6.010666 6.645902
15.132720 -15.726692
6.114177 2.821608
13.063892 -3.563193
-10.785682 18.541772
-10.807469 -4.058017
0.779063 0.937526
16.153980 -18.084732
10.125131 -10.378040
17.655967 10.177626
12.308932 18.088026
-12.762041 19.171345
12.934067 14.119990
-15.944670 -6.160759
-14.565762 -15.861427
-2.580473 -9.276068
-2.224673 14.040341
-3.512372 17.742055
13.778559 4.054264
-7.899615 -8.208222
-1.030440 -8.125037
-15.257057 11.173019
-8.368381 -4.351505
16.904917 -12.656594
17.842189 -18.707639
-16.659580 8.816433
17.636652 -16.536589
-15.218549 -1.108064
-11.119493 -6.796873
-8.979132 -8.118367
-2.221826 -5.328883
2.065179 -6.524337
-1.435833 -5.216848
9.941376 5.992416
-11.302328 -15.109451
-4.779300 17.765247
-9.298149 12.246609
3.381921 -15.376471
19.517777 10.522722
0.590334 -14.076865
16.775107 17.178176
-5.011510 16.567685
-13.153354 -18.110876
-17.223998 18.764780
-15.263370 -19.624594
-5.961339 -15.773869
10.477391 -1.082878
9.391983 -3.342755
-14.917921 3.821935
-17.660018 -9.935435
-15.927519 -3.151447
9.803317 -14.477734
-6.758768 -18.100979
14.411911 11.131110
12.487554 -1.367952
17.894269 4.814777
-2.284449 1.728463
19.907441 -12.742837
-3.466633 -3.603359
4.498200 -3.205781
14.550912 -8.522650
0.609172 -19.298041
-15.752841 -16.926487
-5.798217 -6.837143
19.611328 0.042618
5.800079 10.290094
-18.371021 -5.605179
-11.326341 -6.533183
6.604148 -7.850465
-8.728518 -5.770344
-1.012681 -6.835531
-10.686011 0.528639
-7.049593 18.849535
16.481264 -7.063483
-18.632429 9.593334
1.126787 7.897539
-2.944916 -3.945971
13.068385 2.144356
-12.748196 10.775367
-11.102336 9.735510
1.919710 -2.305848
15.992432 -0.215456
-6.070750 7.496564
-1.269794 11.610122
-2.186435 -16.113515
-10.343596 15.822614
-9.427023 -8.550084
-13.682923 -15.662500
-9.213432 -18.091751
-5.604896 6.700610
-7.827942 -13.982809
4.104110 11.460403
-16.066465 10.305081
-17.886534 -8.748887
2.897561 -9.212282
4.717563 7.410854
17.651661 -9.131435
7.485292 9.256887
-0.385393 -10.279723
-19.365965 13.468326
-10.790645 -6.980609
7.773564 -6.873003
-5.315340 15.976288
-9.694838 9.518237
11.636266 15.162114
18.042519 14.790441
12.487838 -9.879049
1.621630 11.183384
6.089497 8.387410
19.200067 -17.163826
-4.974535 -1.905987
19.314121 0.128475
-16.863785 19.549518
12.447499 0.178619
9.547326 17.227401
7.802741 12.987636
-17.906202 8.359805
-7.373090 10.345496
-0.186223 -0.920979
13.865104 -6.806802
-17.436551 19.797777
15.413722 -13.149459
8.622050 15.165481
15.572550 -11.850734
-6.723391 -3.585690
-2.235077 -13.136152
-15.710978 -0.104959
-8.168904 -14.677224
-16.154198 -4.740796
-5.340182 5.234735
-17.252804 7.956391
-5.240732 -4.407663
15.224901 -8.173877
-2.111276 8.339228
-2.342832 11.542603
14.395857 19.235177
4.875193 -1.848346
10.654370 13.135381
-5.044640 3.057947
4.183041 12.295065
-9.438220 -0.711087
-18.100244 -5.462833
14.423807 -15.989173
1.499057 14.779730
-4.892086 -18.965646
-12.799931 3.895461
-18.461299 -9.518770
5.633419 -8.430828
-15.455286 -9.579340
1.887414 10.073016
-3.975646 -12.243312
3.173700 -15.684087
-17.463644 12.037365
-4.102412 -7.239713
2.746790 11.718561
7.944809 -13.245019
16.548383 2.291765
-6.601630 11.794865
2.720845 -5.408721
-7.111584 -8.635281
5.182763 0.610419
17.502304 -10.668571
-0.926348 10.799445
9.635623 -19.987738
-1.614524 2.599666
4.719612 -7.652511
7.463298 17.169785
-15.594276 7.291053
-19.677514 -8.187348
-7.808865 10.189787
8.003576 -14.815759
-15.183755 2.275074
8.481424 -12.917423
-1.519060 12.212227
-9.193931 5.386009
16.761068 14.884931
-5.819990 1.675554
4.511752 -4.568292
-10.392691 -0.942457
-5.579436 6.363834
-9.096924 -2.883374
-7.091553 -18.658488
10.203844 -12.533804
9.427960 -10.501746
-0.638483 14.004188
-6.106409 -9.251220
9.877775 -18.590329
8.143701 -4.830641
2.143545 9.697690
7.108416 -1.822989
2.132408 1.508408
15.211104 10.888011
-18.350395 -1.237128
13.076956 -2.773845
-19.904879 4.573774
-9.932377 1.203556
2.544112 6.906748
16.130978 -17.353462
10.125809 0.016874
12.504765 -3.483221
6.814485 -12.824605
-11.978134 -1.113603
2.821236 -13.557965
-3.358249 14.330417
15.383486 1.986784
18.404213 9.586408
-16.924852 4.585929
12.453378 -5.558253
-10.250846 -10.875923
19.559588 -4.287938
9.302850 7.812714
12.977246 2.530701
3.665634 -8.317018
12.285881 0.330139
9.373348 13.141633
17.394532 19.609582
-0.446965 1.963885
1.957539 12.948993
15.262803 16.555805
7.629332 -15.336984
-5.301115 -14.744176
0.456838 19.009246
3.185538 -4.321550
-4.644699 3.999522
5.656942 -11.993531
2.243027 -15.677204
15.794736 -13.914789
-17.276379 16.130217
2.265773 -14.112777
-6.791592 -18.676943