2048
9.581325 16.088881
16.383212 11.826318
4.816773 -10.280972
-10.828801 4.191770
8.999355 12.888609
5.680324 -16.334547
-13.717678 -7.500013
0.734384 -2.072604
-14.014132 13.417299
-9.155444 -17.194831
4.496630 19.290716
-19.569629 -16.074812
-17.395484 -3.482768
-1.910033 15.660028
-9.622247 3.713945
11.511671 -0.788976
12.160731 -2.870527
12.816465 11.478889
-16.966230 14.536156
2.256286 -12.904538
19.199511 -14.400095
-10.738662 8.038304
19.250088 -0.986641
15.975709 -4.843862
-1.780458 -2.237666
-1.934938 0.490480
-3.956744 -12.702094
4.676977 -17.090365
12.085527 18.834557
17.924601 -10.552551
11.533621 -6.827513
-14.888222 -7.778230
8.536396 -7.591482
12.481298 12.783730
14.445852 -15.095814
18.711557 -0.141456
19.813269 10.128226
15.517243 9.633580
-11.994340 -7.471750
1.641206 -13.184255
-17.809260 16.038938
11.284452 -1.906735
1.061748 14.708060
14.844209 -3.976694
16.997211 -18.881766
0.603645 -3.275655
1.962768 -17.896070
5.807728 8.179548
-18.126498 0.437636
10.283719 -10.339295
16.994838 15.355796
-3.095670 16.686871
-6.566207 -3.798904
7.554438 -0.390864
8.444111 3.485973
-12.989529 4.350849
1.471979 -16.165050
-0.683096 11.161966
10.755130 -13.818850
4.541344 1.155330
18.099221 15.485406
19.844848 -17.955984
-19.309729 4.367845
-4.816974 -11.025721
-16.358093 13.522977
-14.687960 -1.222427
-11.106107 7.442507
-18.681633 -8.831506
-3.400850 11.415866
-0.577005 0.759599
-9.201100 0.240393
9.231708 -4.407757
-9.314755 -7.901058
-10.668546 10.959229
-4.941817 19.772219
5.821651 -2.029170
1.094485 9.368496
-10.531882 -1.134831
-0.537624 17.031987
2.604463 -1.327017
14.555632 -14.594778
15.099319 2.842905
8.461755 -5.452971
-8.499487 -15.902976
2.027378 1.867217
-14.232987 19.505360
10.927999 -15.379257
18.333871 5.575472
1.043470 7.933650
1.441837 4.502578
-11.136214 -1.251436
-15.554012 17.874304
11.457456 -6.322104
-13.921130 3.993942
-10.127241 -12.811400
-2.406845 2.791186
-18.524676 -9.698237
11.199850 14.256898
-8.327139 17.993953
-18.773099 6.142040
19.956413 -18.112778
-18.374010 17.480084
5.854254 10.827105
-12.492626 -12.283855
12.865698 -9.294932
7.834596 17.574927
12.885497 2.687927
-3.839825 -13.966421
-17.719230 19.339632
-15.320247 19.679039
0.111964 6.436536
-1.126980 -10.172361
-6.304779 -12.131175
-8.010253 18.328635
11.440212 -2.842911
-10.737421 4.353794
-7.451904 -6.603537
10.671595 8.633320
10.671085 14.827809
17.015061 -16.486190
-5.046369 2.543680
1.988198 -10.573488
-3.063722 -13.831768
1.983406 13.557895
-12.554564 10.923372
15.670853 11.173021
3.879669 -0.678547
-14.108051 1.092217
10.978189 8.024644
1.669251 -17.943659
1.243139 11.201941
-0.736792 -10.990223
18.541647 15.465577
13.529617 -17.645109
-18.447952 4.473535
-2.696505 -13.334044
18.523003 8.763861
-7.066015 10.017658
11.015924 10.785414
5.701573 4.352900
-1.267277 16.235204
-14.563076 9.789528
-4.035404 -15.997729
-12.279164 8.804756
4.737232 8.610297
8.652015 -11.463855
17.245397 -13.036117
1.084828 -0.049588
9.562558 -6.511274
14.620279 15.897020
10.617966 14.149811
-11.149088 16.879650
-14.653844 -1.897698
-1.982653 13.037227
-13.067039 7.018525
12.197375 -2.457190
2.603677 16.934753
-5.074414 -8.667202
4.966570 15.333478
2.793444 19.372106
14.460710 13.788431
-17.593548 -6.129677
11.371897 -3.752545
-14.136246 -2.706225
-17.945826 8.592380
-13.479410 8.007049
-13.919726 19.127232
10.421529 -16.668653
0.260636 -16.055216
5.870219 12.074959
-13.231101 -2.444137
-5.368806 -11.346423
-14.828829 10.359787
-19.983708 12.681607
5.262429 3.831443
-7.402082 10.640921
-15.253149 -4.965763
5.054857 15.459765
10.210221 -17.027767
2.671745 -0.182172
-19.294438 3.189497
-15.415341 9.282910
-9.410520 5.446795
-0.068631 3.552869
15.049682 8.997688
-0.504745 5.437270
-0.024430 16.373099
16.125313 -1.853982
13.170464 -17.125215
10.734166 -8.281516
1.162974 -16.288725
12.718822 6.702545
-11.690703 -10.032405
3.103056 15.725548
-15.597858 -1.495342
3.612091 -5.970850
0.244329 15.509900
19.019947 0.196279
18.722390 3.169167
-14.162178 -8.617494
-14.221402 -18.202524
-18.441102 13.206986
0.074487 9.645897
7.031981 19.130186
14.113735 -9.180829
-19.388331 19.687844
6.171136 11.743497
5.895362 2.999524
4.825916 -8.714919
16.748200 -13.149358
7.377087 -9.870246
3.829825 6.107794
10.608986 -10.797765
-19.617923 -10.016042
-14.730653 1.001419
9.294225 7.969799
12.497958 -13.308579
-7.023909 -16.049790
6.627476 4.419965
-5.640728 -3.401437
-8.157611 14.748108
-3.659892 -0.608944
3.819441 -1.889836
3.784580 -4.722382
-1.225056 11.055494
11.394738 -5.791076
1.631664 7.990429
-18.266138 17.550839
-8.056224 2.118961
-12.703378 -6.300877
9.255333 -18.738017
9.923824 1.572935
14.262500 -2.726841
6.988482 -4.628699
14.431127 -17.579890
13.377658 0.857306
9.109433 -13.429157
-19.656216 -13.817372
0.233113 3.373215
-5.695979 -19.338116
12.521518 9.738165
9.860339 12.465226
13.059878 19.792882
19.041943 -10.560549
-4.980531 -13.793850
-10.596086 15.845934
-6.800122 -18.734202
-8.780170 16.423770
-0.629474 -12.125642
17.820618 10.322691
6.650330 -0.524586
-19.448130 16.977513
-1.858894 -5.107949
-9.952873 -5.165808
-6.402817 -14.010704
-1.698513 -12.751123
-13.360400 12.935921
11.016980 7.532167
13.558152 2.239566
-7.372235 -8.007582
-13.643955 4.004798
-6.834605 9.594176
-17.647170 -12.661284
11.228612 0.230474
-9.488984 -4.540694
-13.629279 -15.113136
1.700858 -3.616614
3.376420 -3.072694
7.559854 10.259202
-1.262307 4.513307
8.173545 11.160778
3.294424 -19.075325
-12.173348 -2.201112
13.796271 18.187140
18.340468 6.211879
-14.885457 -5.445570
7.110551 -8.539410
14.063086 -13.910191
-0.636101 -12.818035
-11.326769 17.325897
-5.869587 -4.639440
0.438698 -9.154474
-13.562216 -17.200720
-9.226385 -0.591363
2.621904 4.683764
-14.106486 18.836377
12.741535 -11.222395
3.468946 3.464402
-19.935033 10.008655
7.320529 -10.148141
-5.271125 16.224269
17.830301 11.422905
-10.244607 -13.074732
13.784442 -9.412724
12.845804 -8.108310
-2.546836 6.012769
-14.521618 -0.678592
-14.215648 -8.817709
-12.042947 -18.977286
9.865309 -17.935003
4.647741 -16.114585
-13.130491 -6.610872
7.028006 2.162054
13.280909 -16.936408
17.866464 3.441436
12.596987 -2.151628
2.974503 3.596171
-13.151070 18.523073
6.489575 -2.633622
-18.735036 6.406063
8.602870 6.024927
-4.436003 1.437443
11.414818 17.243219
-18.205556 -14.297564
-16.521433 14.183896
13.105771 -15.906649
7.814293 -4.022841
-17.111914 -18.219066
-6.548437 -17.871904
1.677899 -7.988769
3.396117 2.265995
-13.546459 -5.875115
-8.003966 18.481966
4.879386 -12.795594
13.659419 -3.877048
-12.780222 -3.405558
1.903308 19.457175
-1.576397 -13.793874
13.396931 -8.676739
11.044554 -2.236851
-7.282751 10.008266
-3.342228 -7.147487
8.636477 -2.939383
-11.126431 -19.719492
9.448731 -5.721268
-0.055237 -6.590963
-0.468115 -11.649056
-9.638709 15.495288
6.746643 -8.488352
7.388929 6.141788
-6.781745 -5.327655
-10.004511 4.840489
-4.208598 -10.188857
-9.586226 10.891992
-13.620310 8.154870
15.923700 -1.209654
2.666566 18.122027
11.335896 -16.544759
-8.838147 -6.004475
-19.101080 17.436055
-1.334571 -1.603139
1.712527 -8.410588
19.819111 3.213655
14.428119 3.844692
-0.498011 18.033801
-8.485061 2.860281
-12.112049 -0.215983
-14.445912 -13.721099
10.208028 -14.667956
15.035370 -1.527538
-19.290196 -3.267717
1.610957 12.744351
-4.595507 11.090466
18.106593 1.861642
-10.554845 16.408719
-10.849018 -15.087711
-9.181899 -9.573902
6.200031 0.062226
8.333702 16.842317
-19.911369 12.529121
6.336613 -19.938402
8.372354 -2.423412
-13.854698 7.225983
8.448436 8.037511
15.993038 -11.582112
-16.619431 -13.434882
16.638121 14.991251
16.807302 -3.255420
-18.579717 1.699956
-14.578625 5.634566
10.800980 -13.384883
-19.531037 -7.816608
10.157649 3.887778
9.465790 15.826220
-1.218507 -16.443917
-9.074335 4.507197
3.200213 -11.619923
4.753734 -7.859238
9.358543 0.610927
4.585706 -2.990196
-3.080900 15.893206
6.813875 -11.997538
17.753252 -4.750611
1.182747 -17.300016
8.738029 -2.241093
8.860988 -6.988768
-5.966484 -15.399009
16.835952 -11.160846
-7.892914 -2.085434
17.586143 -9.701872
-10.353743 6.979841
-9.892654 17.928009
-17.075852 19.091913
-4.681331 -4.612324
-13.682339 18.865116
-3.838288 8.557839
3.586595 -19.629079
11.211720 -3.771560
-3.540447 10.215319
3.966915 13.700281
10.373750 14.897749
-9.274251 -8.103510
8.088476 5.050563
-19.611901 9.695069
-19.913623 -6.976260
11.263466 -2.988708
-17.643779 16.397937
-9.039442 -14.911676
0.881208 5.771356
-6.102724 -8.302044
13.530879 -2.473391
-2.888718 12.653564
-0.881670 10.174570
-11.434363 -8.447223
13.688907 -13.451490
2.536609 -5.793076
18.176582 -19.123882
-18.612470 16.284973
-15.249808 13.271452
-9.067879 -11.983351
6.001246 -6.005064
-8.215852 -12.843862
-15.588058 1.217975
-10.212872 -7.563475
-13.262483 -2.807596
-9.710770 0.259149
-15.791012 -10.558896
7.662768 14.778505
-3.531595 -10.016787
-9.527882 -14.032660
-15.627025 -16.540048
-6.962405 -13.772224
2.818073 -9.379901
0.147502 -7.409480
-7.557644 -6.905835
-5.923693 -8.880725
-13.826234 -8.344491
-17.647427 -17.980552
-19.780893 10.096801
-1.434859 15.972848
10.640362 -4.849441
18.802360 9.289320
-9.586469 -1.913987
-4.592398 -13.885427
-7.981737 14.773901
13.202096 -0.696113
-18.464768 10.560816
11.215981 -16.328415
-7.063626 0.630737
11.791840 7.437590
-1.185060 -6.608125
-14.099441 13.962540
-5.846534 19.423477
5.621525 -18.248195
7.897313 -18.471831
-19.267204 -3.103683
-4.238029 3.008744
3.352611 2.860581
-14.833192 -5.841943
-19.092405 -4.592220
13.931041 -15.809541
-9.979481 19.674902
17.399821 2.787678
2.850765 11.827319
1.335293 -2.757075
-2.525049 11.761163
-18.672590 13.489556
9.212941 19.512319
19.739688 -0.059021
-9.881683 -11.151148
1.011043 -8.414199
-3.047052 5.418211
-6.444269 -1.934355
11.246428 -16.137182
-13.089933 17.034123
-6.490304 -18.288688
4.094158 -7.308190
6.430752 -18.043628
-18.505333 6.688935
10.338577 -4.686057
6.676944 19.977752
-0.727742 9.346298
-9.767054 10.070014
-5.975759 1.985277
-0.072943 15.795208
18.478078 -11.292492
-1.790845 18.798737
10.330800 5.091736
-3.792634 19.708140
-6.962155 -7.325073
-18.423365 -0.695452
8.842419 -14.168301
16.059599 14.021677
5.369189 -14.018473
10.828752 8.825586
1.949542 -9.517965
-17.011054 11.839657
8.959092 -7.695425
-2.725113 17.150133
-15.165713 -3.987151
-13.327472 11.483087
-4.620186 0.402220
16.160233 10.357657
0.027320 -16.754620
-17.335764 -14.297237
19.939353 -2.750086
-12.045532 13.732601
17.205480 5.653284
-16.181028 6.071211
-14.314658 -0.794331
-8.134828 -8.668284
-17.494274 -0.736418
-17.996667 -2.670055
11.450569 -3.879344
19.065612 -0.083781
-1.155336 -1.901632
-19.616490 -12.043970
11.497373 12.259684
-14.216905 -4.335844
-0.685225 -1.335344
19.973774 -8.321773
-2.562151 -18.051128
1.420010 5.714581
-3.769587 2.908220
-5.463572 -14.189347
-4.685495 3.214537
-17.489356 14.266970
18.461771 -5.331675
-17.401478 -16.525273
3.265957 14.930978
19.773361 -6.262818
18.616606 -2.780443
-10.477523 11.267563
-1.318368 9.310623
-18.376121 8.265984
18.981711 13.223644
-18.203657 18.928155
14.216838 5.661577
18.580959 -5.207259
12.020981 8.659266
18.889795 14.315353
-6.498745 3.495771
10.612965 17.667632
-3.774923 16.382484
-8.142281 -17.452051
-11.404647 -14.258777
-8.906009 6.733068
1.287734 2.483442
19.504182 -13.997261
-17.728131 -5.524664
6.507877 18.580219
-5.388442 17.233681
3.994288 6.190809
16.043889 5.842517
-12.443862 -18.438722
-15.236209 0.028565
-16.660517 3.048391
-14.028983 -14.853542
-11.375904 9.788281
-10.396246 14.639041
2.076745 -6.377270
15.095519 -12.550178
-6.361683 11.633661
12.789877 5.253752
14.274579 -8.485401
-19.250356 3.036755
18.054683 5.527923
0.937611 -12.158671
13.994773 -4.419271
7.617899 4.710725
-13.069705 -5.295163
-18.520608 17.543204
17.978068 5.224196
-11.894874 9.646664
-1.207572 9.938825
1.635719 1.940077
5.528103 2.282301
-16.677877 6.037063
18.283985 -9.407343
15.645025 -1.740925
-3.420338 -16.426068
3.364004 9.153159
-7.387711 -12.197476
10.194865 4.843618
-13.966231 13.129157
-17.574463 10.146165
-10.057082 -11.614238
18.042816 -7.821453
3.921758 0.897703
-6.158581 4.385585
10.561496 5.551620
-12.373195 5.610510
-17.224763 1.805098
-12.361690 -13.352424
18.078157 13.186094
-3.185110 0.404307
14.362925 -6.657185
7.514293 -7.996927
-10.593900 14.341849
15.307194 1.025486
17.731715 1.213460
9.399268 -7.254479
0.540398 0.806159
8.935469 -2.448061
-10.952111 3.697607
-6.798122 9.433634
-13.639269 5.107607
-4.670387 0.066728
-0.163659 -0.775844
-18.266107 -12.155525
-4.837373 -18.464434
15.720999 19.933316
18.340835 4.950286
6.372686 15.725636
19.168642 9.621393
2.321700 10.294877
-14.936732 -16.514662
-17.541938 9.555701
-14.566786 -3.941710
19.219249 -7.202283
19.447199 -16.873904
11.386029 17.002693
3.706754 3.569463
-2.055455 15.810707
-18.285761 -14.097051
2.875517 15.906699
-5.862659 16.266609
15.620723 5.972026
13.789475 9.657673
-12.434956 4.238632
3.125638 -18.014394
-13.433736 -5.221908
17.716349 3.947440
-14.981651 7.097835
-2.037452 -7.192395
18.860037 -11.163411
-1.355805 -16.280680
-1.680815 5.748190
8.185320 -18.784820
1.341241 3.674292
10.873073 -6.858229
-17.522006 -18.030649
-2.649758 7.466925
8.232650 5.842795
-2.423227 -5.183169
-3.340598 -8.079908
-16.229812 -5.851970
7.884245 -7.021406
3.507811 -19.151965
15.901952 -3.539220
3.137928 -17.282383
15.865718 -2.725237
16.363389 3.510487
12.702215 3.010242
3.382604 -11.195247
18.179904 -9.655789
6.158650 -11.921906
14.958552 -13.285909
14.989314 -14.574391
18.424693 -1.200539
-19.144724 -7.870469
17.914735 1.656210
-18.647954 -15.310128
4.922823 -13.600752
11.116274 -16.120675
-18.095841 3.061425
-19.276802 -0.894894
-9.296218 19.326071
7.221868 -13.953301
-2.142617 -17.972209
5.303035 -13.349963
-4.934166 4.408378
-3.816356 17.748671
19.713461 6.281152
-2.610078 17.379199
-19.059035 1.387336
10.055681 -18.314220
-19.918649 -18.257057
-19.271602 18.213101
-0.056861 9.288269
14.153440 -8.044877
15.148452 -11.382969
9.176073 -18.639479
7.310238 7.418159
-11.613765 12.670288
19.439957 -16.586892
-7.204345 5.773457
0.435295 -11.766601
8.355811 4.705535
-1.603608 18.041649
-13.563841 15.119659
11.487202 19.787712
9.264676 -14.810179
-1.611690 -6.992693
4.490883 -13.114881
-8.715473 2.049173
11.311840 -7.604337
5.926922 -1.566762
7.241417 -14.783314
10.932919 -18.392850
-17.138563 -1.756189
18.921185 19.825431
7.242521 3.054274
-14.866210 0.639506
5.132794 -17.550751
-6.862216 11.408072
-11.210966 7.842494
0.530112 -6.145507
14.131145 -10.807135
10.373234 3.880849
1.885127 -17.928709
-14.233105 -11.930859
-16.489220 19.182448
-1.104384 -5.220736
11.999109 18.993041
-6.850267 -11.765612
12.087446 -17.962257
-17.323731 -13.456091
-6.011046 -16.025670
-18.384223 -5.781479
17.240108 2.744724
2.395406 7.164220
-15.918747 -17.869060
-15.425106 -17.550724
4.216416 1.365957
16.927006 -4.663812
17.851636 -6.470442
-2.525950 -19.546125
-0.080660 -2.454251
2.569855 -13.224012
-13.691670 16.436150
-18.418919 1.630022
-14.275996 -13.551216
10.034816 -5.379326
1.196163 15.362860
-17.755516 -15.882317
5.556146 2.908191
-7.115143 11.637530
13.510307 16.919757
9.055690 0.052495
8.060696 -0.324134
14.626267 16.089242
-4.989077 17.472581
11.951127 -1.907106
-19.859096 -8.103466
-6.576551 -10.222693
-17.615759 10.563266
-7.849355 0.511148
13.431776 -16.867999
4.127425 -16.294246
11.809051 0.981802
11.901676 -8.901867
-8.930050 -12.330671
19.200802 -1.316556
14.782133 12.807418
4.318680 -2.999092
-16.582917 -9.807913
8.684411 -19.481301
6.718553 14.679812
-13.240144 7.176431
-7.694723 7.110689
-11.340927 4.604772
1.192786 -5.482536
-12.178008 -9.203932
-0.735095 3.726334
0.423168 -4.553302
13.256488 -8.149843
-18.853025 15.362001
-0.631344 12.331589
6.552050 -1.433622
16.923504 14.076442
-3.929131 15.132964
15.820178 -7.334101
7.134193 -5.649908
6.029593 11.792385
-19.469232 7.233675
-13.677471 -2.601429
16.791016 0.744965
15.822197 5.180500
6.988469 3.455960
-15.332759 -4.373052
15.670890 10.334808
7.921941 0.148948
16.054374 -8.857031
2.490775 -18.308560
-8.616204 10.258145
-14.313531 -18.454508
13.087883 -12.882831
18.152326 -15.498235
-8.741815 -18.448647
-5.475642 3.862944
-7.718579 18.376002
-9.529827 10.769261
-0.343056 16.212201
3.934852 1.086391
-4.740075 7.192611
18.702727 4.779533
11.643371 -18.040062
1.712622 6.699399
10.023297 3.852879
-10.336943 -7.801606
7.713653 3.312958
-12.869107 2.358619
-1.377747 -13.042418
-7.581037 -0.573155
-10.434665 4.357790
-8.900787 6.239802
5.992253 10.341497
12.398674 -5.663344
-6.342133 -16.964449
14.521234 16.983887
-2.541649 -1.702183
-17.736556 -2.086006
11.662858 -0.528839
-17.431787 10.724080
11.144193 19.353465
14.968878 -17.121984
-8.347181 12.778721
0.656672 9.306841
-10.824385 9.565145
-19.646413 -8.670951
-12.084322 -13.400434
1.288678 5.259302
-5.053515 -6.949984
16.655574 0.572039
-18.950376 -13.186477
-10.801926 0.275226
-7.052844 1.525643
-1.947145 -12.897572
-11.823180 11.465955
-5.611590 -7.135409
-9.956932 -5.510044
7.572388 -3.911211
-4.391738 -16.016578
0.957534 17.946662
-9.547197 -9.916708
5.137926 14.619994
-8.869009 19.003093
-13.206413 -19.712425
0.941468 7.679048
-19.436519 -7.702163
8.088816 -6.611050
17.184547 1.639065
-4.438818 19.518768
14.347233 -1.641532
-8.149279 8.466466
-1.904688 12.988526
-9.643014 -16.713440
-2.623842 15.199480
1.371551 16.836350
15.466047 19.714774
-4.676146 6.772814
-19.830682 -18.287697
5.111282 6.916626
-3.717030 2.745203
-9.880262 17.409616
14.483135 -16.335046
-7.097033 -14.135861
0.372909 -6.462532
-5.572892 -19.487816
14.217832 -2.345389
7.460591 15.399713
8.213162 15.011127
-6.754025 11.136298
-18.850299 3.387907
3.970652 -12.437514
-12.149038 18.104031
-13.156527 -1.264838
-12.326139 10.256244
-9.860754 -2.509461
-7.474089 17.896386
-17.310509 9.548250
-0.726919 -13.960407
-1.220673 -8.906756
14.049577 8.768484
14.492244 2.140120
14.337850 -2.758607
-9.377077 -16.024211
13.920004 8.574134
10.204119 5.251552
14.043546 5.045038
17.052336 -9.126191
-2.174235 13.316999
10.100236 14.057411
-16.544104 -11.079998
18.655864 10.236905
-16.727912 -9.497580
-19.939533 6.220545
-7.599118 -15.020606
-7.031200 -11.883050
9.506664 9.927858
18.545165 -2.514210
6.638851 0.022613
18.844968 -0.048720
0.601150 -18.538651
-9.074337 -0.079276
-4.968384 18.063481
-11.686629 -2.235350
-11.256346 6.681268
18.524552 -12.991699
5.873408 -4.763044
0.227931 -2.475127
0.335315 -7.222426
19.000156 1.141151
-7.662243 -16.468614
-3.739893 6.936137
-9.238178 2.899257
-17.697033 -16.566669
-4.692402 10.364623
-0.858554 15.126732
9.056792 10.235526
-4.305791 13.743007
7.903020 11.006363
18.454136 -17.297982
-2.871248 -10.023912
-13.189934 11.156298
7.623149 -10.475919
8.128633 -8.625688
-4.712390 -8.076269
-12.326833 -2.481072
-12.308943 12.486801
-17.554080 -9.986526
-8.774097 5.193459
-19.286131 -17.523424
5.648367 19.668227
-9.296707 -11.954587
8.811384 13.810580
-6.657199 -8.448700
-0.537030 2.998488
0.447210 4.042160
12.369762 -10.991597
-16.816295 9.853754
10.477379 3.205469
14.755017 -10.530327
-15.250663 -4.143947
13.313665 -12.992668
-19.969795 -7.309105
14.727293 15.591351
5.759368 -3.903933
-4.501368 -4.404465
-14.770633 6.302670
-8.892913 -11.325347
-19.412636 9.783510
13.945813 16.109951
16.112471 -13.664075
18.612030 14.545895
13.142588 4.006190
8.592636 -19.576677
-14.281001 -8.987561
-8.471808 -15.817575
1.578373 -6.127922
0.534706 3.503222
-16.126327 7.720636
14.394161 13.897355
5.937205 -10.897662
3.638891 19.029877
9.197603 -2.601457
-8.294907 9.932122
-18.868361 -6.957028
5.751432 18.735786
-12.880047 19.395842
8.753073 -8.847028
7.027207 7.395892
4.192117 3.037076
-13.065076 -3.449665
13.481689 13.649597
18.431799 19.993876
-6.796949 -15.156225
8.958839 5.300820
-13.204002 7.522860
-6.615315 6.599607
13.705737 -17.334083
5.215401 -1.357009
1.075729 -3.936898
8.721924 -17.992428
-3.566025 -10.479439
0.149848 -18.676385
5.243423 -6.068223
-10.270300 1.762123
-0.155615 -2.508803
17.583172 -1.301455
-17.796339 0.047736
18.374682 7.824242
-6.984080 -13.759680
-15.384145 -12.319419
-17.332992 14.767345
14.595328 -9.194831
18.378803 15.467387
-12.777056 19.574641
-16.022019 -14.363376
7.287091 -11.495429
9.188619 8.164908
9.749823 11.896040
18.862137 16.382417
-17.875214 4.115147
-7.479659 -14.643575
3.797212 7.233864
13.976986 -15.771542
-7.195072 -15.064550
15.539442 -12.833862
19.671157 1.743998
15.876448 3.260423
13.722753 6.135009
4.511036 0.908783
13.885225 -2.660507
-17.176268 16.924975
-8.116239 0.649964
-8.537654 -9.923939
-13.349141 -10.757955
-12.053000 18.225511
-14.914367 -0.387766
5.507755 8.492676
9.620919 7.531539
11.739920 -14.350872
-17.181094 -8.381311
-16.513988 -10.149576
16.435723 1.991241
-9.744902 7.350892
8.860918 -13.305431
8.593440 -1.553870
-16.959855 -12.837972
-1.426571 15.498612
10.186981 -6.381628
15.189603 7.024058
4.377015 -7.378830
-4.479413 15.325673
14.237216 9.125932
-12.055890 -5.197335
8.561126 1.287711
4.068914 -6.232113
-13.659108 18.418703
4.181038 17.773509
-10.363674 -2.175401
15.415089 -17.309283
3.759325 -16.109407
-12.887331 15.973181
8.770059 8.011859
-7.960835 13.354414
18.234909 -9.791796
-4.179873 7.859916
8.250411 12.695448
4.269820 -10.427501
-6.523047 15.655300
18.765569 -13.594580
-1.631185 17.395699
-13.211589 2.375374
-18.644214 -10.526943
13.633084 -13.148344
-18.627083 -14.278683
-17.494237 0.858188
-15.925551 -5.610371
-7.813939 3.073166
10.933081 -2.537490
0.953304 11.298833
-14.847430 0.501600
-11.148358 14.256473
-19.489056 6.186755
-19.916120 -5.251856
-9.107089 -5.097530
1.386099 1.845525
-6.528768 4.811205
-10.852082 7.250130
-19.751762 -11.334880
-2.978895 -17.975466
-2.343430 -4.418745
-1.073039 -4.828240
6.019298 -12.737277
3.000459 13.101426
-8.079889 -9.592046
-3.275896 -0.349415
-7.599421 6.982828
18.855887 -12.588238
17.417528 -5.598139
10.006952 -18.596121
19.713881 -0.573823
2.606446 17.210104
-11.806896 -15.567949
0.212936 -3.199647
-13.686169 10.024539
-13.558068 11.216317
16.043524 4.895714
8.145881 19.064735
7.781147 11.994498
-3.729420 -13.565459
-0.885733 -4.443891
-4.685315 -14.267010
0.930618 13.503770
-3.990335 3.245185
3.469826 8.249110
17.826640 -14.351876
9.246221 -4.535657
-14.499167 -17.746720
16.477535 13.822905
-7.622402 13.076835
18.761447 -3.906614
-2.240656 -16.526295
-1.526880 -10.295658
1.604543 -16.217074
17.702754 11.955743
2.456442 -7.316810
11.971233 -13.370211
10.635211 -7.021853
-18.040841 -15.923484
-11.113979 -0.659129
16.947632 10.122687
-3.138401 -16.956711
2.251966 4.890365
11.149228 6.802199
-18.037070 5.530241
7.761846 -19.853340
-18.011858 12.303870
-2.789291 1.037155
1.400298 -12.852991
0.746416 14.623366
-4.945112 -4.081627
-7.199676 -5.834250
5.407797 -7.448491
1.471936 -17.497699
-18.809039 17.374696
-0.196082 7.647127
7.971284 -15.673702
10.031116 12.362062
19.052949 10.066685
-13.709653 14.762208
-15.293453 -19.573178
6.458609 11.558396
2.421987 -4.199534
-14.181883 -19.135934
11.950662 13.189691
4.462086 8.287888
10.947978 -18.513356
-11.730079 1.516497
4.782957 -19.198534
-17.363886 15.155841
8.351148 18.665028
-10.699865 -15.530767
-3.921280 0.093547
12.692397 9.684207
8.877616 13.915545
19.496852 -13.299363
9.973775 -10.219844
16.775621 16.771016
19.327309 7.830754
12.203952 16.203438
-17.805850 7.897567
-19.492089 6.162257
-16.118667 -11.115101
-9.988751 12.718493
-8.339504 15.973232
-17.836310 -1.514111
3.148577 19.987577
3.916515 5.325056
-14.729820 15.451134
7.976923 -16.610536
-5.274502 -8.357343
3.503310 0.002095
-2.782355 18.404885
7.070664 -15.485136
-5.104586 -0.508807
5.100486 -4.003433
0.060985 -1.495464
16.128698 -12.024678
13.301000 -7.865121
-14.666369 -13.481217
1.693028 15.210124
-7.569776 13.400021
-2.233919 16.467132
-13.475281 19.278176
2.033829 4.989776
0.349236 15.496631
18.116975 7.695644
0.599358 -1.505906
-3.818882 -1.532582
-5.411753 -4.918600
-16.752419 -17.515755
5.286833 -9.791708
18.025043 -1.395079
18.470192 3.651823
-11.561149 18.205908
10.141245 -8.176866
-19.081969 19.970181
-1.542167 -19.765701
6.141234 -11.255944
4.503941 -11.836060
9.767710 7.832639
-10.153555 17.043917
-10.332886 -16.199298
8.806566 -6.182810
-6.588213 -7.475449
4.947485 -8.767889
-15.987357 -14.322371
-3.901981 2.037570
-1.604320 7.249898
14.154795 19.618989
11.416790 -17.202284
8.452922 1.990309
-16.632774 7.478919
19.414792 2.263808
15.550545 16.438745
4.308262 18.757699
3.921727 1.878381
7.668473 -9.199104
-14.188371 15.650109
3.398256 13.636371
13.770710 0.765246
-7.241782 -10.455264
-2.604215 -18.442056
-2.500470 9.362277
2.460827 -4.925968
8.695259 17.955226
1.090578 -13.246332
-1.726415 -12.055100
-12.992317 -17.414984
16.111880 -16.598473
0.385666 1.984292
-10.332289 3.753383
-6.280141 14.832811
15.119272 -0.199497
-2.606872 -8.837851
13.625458 -14.251672
-13.591921 -10.079788
2.334033 12.519390
-14.816591 -15.736125
-12.923447 8.019357
-18.700877 12.382043
5.159607 11.584972
1.602925 1.897935
-2.398021 -0.199058
2.692484 0.800659
-14.240256 9.156019
-4.207102 -16.651146
14.439482 -15.450744
10.863724 5.693246
0.639088 8.979100
8.611538 8.552615
2.206247 16.426155
13.027058 14.656647
11.508248 -2.829214
7.248812 11.832400
-17.179395 5.957289
16.898918 -9.902445
-19.267999 11.519817
3.391834 18.590031
11.148818 2.210687
-16.995689 -7.204247
-13.026988 -12.082012
-15.030367 17.350118
12.797963 9.786535
-10.306183 -2.230000
2.885080 -14.266475
16.927147 -14.041964
-12.307262 -5.733878
10.297636 0.485557
-17.801833 11.812954
-3.778684 -15.276092
-1.958680 2.906319
3.718731 -2.060300
0.675088 12.326039
-16.933576 -10.035590
-5.654498 -18.448090
-6.264376 -14.089608
0.471462 -18.077079
9.376681 -6.770240
16.484104 -19.211132
6.041196 6.613535
9.279329 -13.047454
-5.408868 7.760623
-12.005214 -16.244809
-2.298048 19.038488
18.565382 -2.005946
-0.770393 19.406809
6.652772 -0.054489
-7.513684 19.104091
9.995376 5.309850
-12.174169 11.050470
-11.235968 14.982652
-10.046790 0.434651
-0.242674 -19.279405
18.884852 0.192643
-14.035855 -10.712019
4.991349 -12.107581
-6.263139 -10.174862
12.894191 -16.747884
17.970044 -9.744700
10.058399 19.325843
-12.217386 8.529851
16.995985 -3.337743
-13.372933 2.933271
2.090296 -18.959097
-16.572145 1.673875
1.508104 17.297275
15.493776 11.745177
-8.274215 -5.418655
-5.171590 0.305936
3.420552 -16.154154
12.997906 -11.339815
14.955627 1.854073
-15.949889 -5.914788
18.540128 0.984468
13.722194 -18.062851
6.739017 19.328637
12.068017 -2.491603
-0.930254 12.645339
-4.187782 -8.979315
-16.665246 -16.109259
-15.124660 8.668107
3.725086 -1.972298
11.673729 -1.074385
15.014958 8.551602
-3.387633 -16.715749
-0.903745 -16.886784
0.328507 -9.082544
-4.234105 -15.954144
-6.203891 18.477235
-6.651265 2.293047
18.173057 -4.747942
-12.592100 7.713448
-3.746032 -2.176770
-1.306286 16.082030
-16.534321 15.988336
4.668542 4.318253
0.475957 18.914379
10.767213 -19.668963
-18.612285 -5.142931
-0.561762 5.344530
-3.998046 6.951914
16.867916 13.816493
14.578446 1.043027
-9.169964 18.290256
11.062547 14.870763
0.236855 2.943959
-15.486973 -3.679744
5.396354 18.144876
-12.112428 -7.444333
-18.998505 -2.411927
-9.901798 18.820415
-19.655728 -0.942926
16.178498 9.256968
-0.910512 -4.341615
-19.261314 16.519791
6.642126 -6.677716
3.898923 -1.651142
8.461033 13.507527
-15.538908 12.760772
5.069626 1.814378
0.004078 -11.363664
-13.461790 9.111946
5.602011 16.238004
4.718271 -14.217898
-15.481358 -3.824081
17.112829 -11.892521
13.694169 -9.973724
-19.373603 -15.397983
-6.492978 14.277509
2.138702 -16.373495
13.628964 7.341114
3.616318 -11.535613
0.950988 -15.752103
12.965004 -16.313555
-18.613137 -12.135174
17.298914 -15.693329
-0.167870 5.032863
-4.728919 -19.204583
-6.954915 6.038982
16.760944 -2.865313
5.213248 -9.498157
-14.654821 -8.965538
-4.626431 17.923105
-7.942371 -4.911696
-1.488927 6.339062
-19.127684 8.058712
18.974020 -10.452110
-8.194729 18.011596
-2.062498 -14.648233
-11.115939 -19.531797
-5.034702 6.698283
-11.777559 16.721160
11.570336 -16.742677
-5.874657 15.986588
8.188732 7.751673
-15.808130 -8.489168
-11.283749 13.718731
-0.658877 10.449270
2.109852 17.726619
4.374146 -0.938851
5.677200 15.140991
15.100872 -0.474998
18.673979 14.741841
7.596289 19.795804
-10.123850 15.837171
-13.691484 16.505610
-9.747639 -10.015148
-4.338835 10.292697
-1.899662 6.230104
-8.073534 -4.336630
-17.855981 -8.708747
-5.302226 -7.929462
-9.768586 14.669557
0.814720 15.147478
-15.702478 -13.353941
5.280955 -6.709403
-13.414286 -6.676126
16.993255 11.140580
-18.655279 4.429232
-12.123174 -8.924293
-9.693970 1.972061
6.408326 11.615618
17.271083 2.945203
-14.397911 -4.818207
-10.566746 14.358576
-15.313819 19.205776
-10.908827 -19.834185
15.266869 -11.371925
-16.371387 -7.250707
13.343148 0.461609
2.730232 10.633183
-16.865399 9.131957
1.135224 -4.651425
-6.389916 1.079881
10.000573 -16.995350
-4.967972 6.668068
-10.650955 -3.178423
-11.702795 -10.778397
-17.658306 9.876237
19.677690 -3.971460
-14.926380 4.753164
-4.077105 -4.847347
6.019491 8.293453
-2.615645 6.178507
-10.175436 -17.811547
-4.406150 -1.153586
11.216276 -15.915918
11.793389 -9.078011
13.935310 0.435164
5.058047 17.055533
12.428913 3.209082
0.584494 -11.714122
-9.347060 6.224628
-7.219164 -13.373035
9.762262 -5.704663
-1.745197 18.318759
11.646288 9.061489
-1.787409 -1.170121
-2.391285 4.041053
3.489984 6.206993
-11.688840 1.708101
2.732067 6.694707
-2.629742 10.970753
-5.518446 5.609047
5.636902 1.442692
0.340871 -5.248098
-8.710813 -3.442556
-9.503156 14.296663
6.226652 -12.121461
-0.367230 -2.084515
3.665783 8.577045
9.196159 -14.788619
-2.134219 -17.031265
-2.850031 16.437464
0.925788 -4.915599
-19.434153 -6.727896
12.135797 11.379418
-10.870751 -2.487678
-6.797882 -0.281680
-7.516302 3.332539
18.763673 0.394078
18.614720 -14.207280
-1.446135 -2.805332
16.302765 -10.002779
1.807029 -3.442696
5.401694 19.091943
-7.297546 10.597326
4.684299 13.246067
-12.280561 1.482003
13.658771 19.253181
-19.277242 6.822443
-15.886124 -9.278940
11.718271 -2.500478
17.976624 18.288363
-7.431949 -2.980431
-16.167568 -16.497340
-1.481964 -8.341153
-10.181659 -10.192271
5.420900 9.647716
-9.602175 7.729811
-8.511143 1.914410
7.183031 14.669368
14.118298 12.014037
-16.120103 11.598037
-17.042050 -8.069957
-7.184501 19.671487
10.406429 6.881720
16.754141 -12.789283
-12.518748 -2.092539
7.617783 19.388301
-16.738423 13.268598
-19.615459 -0.783125
-5.293094 -15.797716
-7.342512 -12.853375
-2.675865 19.913598
-16.122548 7.759279
2.875313 14.027259
6.978878 17.332921
5.052863 -13.984912
-7.760471 19.478368
-1.678160 -14.598175
-5.448086 19.719628
12.569956 8.149417
-12.779656 6.726653
-9.142081 12.574131
-9.369280 -7.960797
9.471428 -1.860851
-5.578357 1.193350
-2.731691 8.177765
-16.252858 -14.067116
16.383216 -11.799824
-17.581840 9.310328
-14.069709 7.482786
9.248158 12.562760
18.351317 18.023595
6.333491 16.418242
-10.710160 -9.943054
-3.751213 14.109082
17.276738 7.862043
-3.261693 6.964205
13.364485 6.959097
19.694983 14.817093
-7.596520 -17.853150
2.960547 -1.813140
15.972731 4.712945
7.744024 -17.916120
7.128291 -16.077757
-19.828051 -8.447251
-0.967887 15.395550
-17.424328 9.533901
-18.148275 0.833455
16.271953 -9.829003
-14.994263 15.559953
9.475368 0.684026
-11.381781 -0.801047
-6.763317 -6.251183
-17.836253 9.521756
-5.689046 9.375820
8.390990 -18.698338
1.091140 14.722064
9.644470 12.870543
0.713213 -3.909542
19.985813 9.520967
-13.908896 13.966543
18.299541 -3.828060
10.455015 -17.435908
13.281375 -15.010934
-6.997685 -13.418846
-7.300269 11.410547
9.782152 -15.246033
15.316604 -1.852094
13.851339 5.887301
-16.942220 5.892180
-13.579566 -3.260427
2.125433 4.092975
4.850485 5.366288
2.755756 -1.041831
11.895066 -9.173600
-4.718547 -16.015646
13.430364 6.374076
-10.079980 16.957978
-12.977660 -11.870274
-1.848281 -6.223152
0.131992 -8.648739
5.906273 -18.106523
-6.908581 -9.417880
-18.948916 -11.072642
-0.741946 19.665539
13.072121 15.964117
7.947903 -13.715962
12.932300 -4.814958
-12.471263 -6.325071
19.930492 9.927146
-6.160634 -16.507642
15.006432 -15.056840
-3.418610 13.695193
-12.380276 -2.649115
-7.352930 15.537764
-3.512262 8.612241
16.472006 -12.229232
-16.321771 -0.193125
13.881758 18.752622
16.384511 8.954326
-7.158660 -10.973580
4.753889 -16.247515
-12.052596 -11.452655
4.748425 5.685430
4.597786 11.735740
-14.450406 14.458846
-11.192316 -8.177227
6.161931 11.633189
-14.510267 9.916761
6.297361 0.619333
-9.464885 -8.845221
4.009038 -10.281411
11.625885 -0.410272
1.765969 -3.464543
9.578270 1.610046
2.122685 18.367002
-19.869907 14.200970
0.186315 -12.042949
8.670001 -1.667198
-8.639085 15.706732
-12.276750 -10.971876
12.675942 15.590339
-14.444524 6.061504
-15.148073 5.091217
7.070414 -9.880670
16.454217 2.764620
0.747264 9.787000
19.342527 -3.684299
2.404124 -2.612566
8.281871 -1.344968
3.270956 -7.418170
12.663581 12.680883
6.602073 -9.314681
-9.061088 15.642844
4.950741 6.528445
-4.789364 -5.445912
-6.565561 8.172486
-10.476269 -12.651513
-14.133016 17.180904
15.372082 -11.893284
-1.907585 -5.362533
19.915239 -6.524944
6.454556 17.785067
-14.365740 -0.860140
-15.511329 -14.791098
6.689913 -1.222112
-6.835607 -11.503379
17.346047 11.302511
-4.386204 1.818422
19.388113 11.872666
8.558220 0.374801
-4.304176 18.872021
15.737717 -4.668285
1.055509 14.007030
0.842272 -5.208567
0.060815 17.035397
18.869906 -17.213357
2.260045 14.635549
-9.649939 5.734249
-13.548913 5.793980
4.486403 13.590287
-7.084791 -9.682106
16.320947 -1.989757
9.408652 -1.946985
5.430222 12.123153
-15.017455 1.580319
-17.486791 -0.085254
5.762741 1.270237
19.183316 -5.835566
5.955476 -12.243470
-11.006250 -5.251402
-14.426028 1.249241
-7.244110 -18.002509
0.570417 -4.073468
-12.685120 8.156175
-14.097135 -12.815638
-19.248825 -2.860754
-19.043824 19.969950
9.354429 -8.516661
12.528182 7.301469
-19.857656 -12.010919
-14.173935 -3.852675
-12.440628 3.605499
-16.847895 3.100839
5.050495 -3.836164
-14.555237 17.978080
6.705401 -18.499040
12.532333 -8.922872
-19.925602 3.143617
-11.180033 -7.494294
7.441795 16.107251
14.664865 -7.704948
-5.051987 9.375168
0.066613 -5.698557
-17.140668 19.982484
0.234046 7.284236
-13.308935 15.434908
8.053867 -13.346860
0.359114 18.678626
-3.296395 2.643817
-15.603201 13.323663
14.802972 18.620224
-16.821526 -9.331388
17.541458 -5.745390
16.171113 -16.725003
-12.922743 -13.722395
11.136858 -14.486940
-17.638110 3.456055
-4.472279 8.270157
19.177369 3.445863
10.743074 12.532423
0.050325 -15.185649
16.535351 15.154815
-8.842752 7.117778
11.650982 9.754395
-15.723719 -18.205828
-18.311127 -14.678780
-14.947362 6.164899
-7.072111 -15.784866
5.676377 -12.499266
-2.968312 19.488956
-19.272740 14.354681
-10.113324 19.648745
-2.562880 0.172276
-16.035948 -3.594809
10.185503 12.617733
2.316756 -1.688704
16.971565 -16.814282
10.129076 -16.120529
13.340294 11.100685
-5.928090 3.049445
8.995455 -4.700093
-6.324549 3.104105
18.048858 -15.712301
-5.379275 -6.245989
7.678692 9.922728
10.483216 -2.922676
-7.094977 -13.926344
-9.078179 1.085994
-8.156960 11.459457
-19.034858 -18.314753
16.965220 4.806268
-19.416918 3.382807
-19.055268 -18.044414
-1.411175 2.466748
14.746920 6.361408
3.488825 17.256359
1.601058 -9.230934
3.166283 -3.515660
-2.347869 5.005409
-11.015033 13.506633
-18.700104 -1.685000
-9.989378 -17.807892
-19.287937 4.653054
-12.584732 1.580427
19.655891 4.774613
6.050235 4.451740
-12.972981 -6.531844
13.482520 9.639704
-15.660082 18.007965
3.410508 -12.926749
-8.753883 -4.372308
-14.585847 7.555372
16.423748 -4.865240
-6.934833 -4.945371
-16.476896 -11.396991
0.158200 6.956662
-13.176838 -0.846282
-8.206211 7.450990
9.129295 -12.080021
5.842271 2.979310
3.830217 13.793983
-5.571447 -18.145480
-4.051052 -15.803434
-9.202399 -1.909004
-11.053208 6.984522
-9.414015 12.965772
1.394770 -14.032370
-2.864051 9.711026
-12.556628 11.830712
9.809799 -18.965279
-13.058808 5.438595
-13.922111 -15.446046
-0.540748 -10.308372
-15.987665 12.799750
-12.939642 3.079369
-11.515074 2.275581
7.133768 11.058083
13.394957 -18.372454
-5.047797 3.874064
-18.215630 6.616101
13.618567 14.961151
3.468574 11.866773
6.191087 19.730250
-13.450154 0.456777
-8.239805 -9.646325
10.858857 13.200823
-11.838473 -17.176863
11.134893 8.417378
-8.550231 9.458701
-8.071639 -16.185276
2.727620 -9.917079
13.924209 -18.460714
-19.204765 -16.015117
19.673004 17.001106
-5.375005 4.954043
-0.746890 9.579197
15.709930 13.074489
2.397114 15.070923
8.866150 9.579880
-6.926778 -16.534382
12.915703 4.001548
5.081534 -15.053266
17.219084 8.100409
4.492200 -13.642289
-10.878633 18.250153
7.651839 16.998111
-7.294842 -9.190192
-14.256029 -18.453639
4.729778 9.292872
-13.891515 3.173154
9.500709 10.436673
-19.847718 -14.104631
17.072265 -4.639295
-8.694246 8.740757
-11.051571 4.071673
18.937958 3.271685
-19.367371 19.053925
-0.357549 -4.007788
-4.167163 3.687032
-18.876191 17.176934
-7.637194 -18.307090
15.813046 17.597552
-14.625456 5.577547
3.883816 2.324722
-15.487324 4.888129
-9.869277 9.201369
-4.585442 -11.847441
8.744326 6.270109
-8.313881 3.713002
-11.303601 17.554875
-7.710385 -8.109527
-13.092752 6.167163
-16.625019 12.719541
-10.544778 5.309138
-7.871652 -10.521225
-13.868016 2.864222
-7.040895 -15.603782
-15.804102 -12.437802
2.838448 10.846210
-3.512575 16.548965
6.014198 -6.419443
-0.103061 -6.540637
4.641923 13.895150
-9.983650 -6.273026
-5.015750 -15.323252
-14.604275 -11.255932
-11.596186 -10.385683
-12.119768 13.949879
0.321955 5.001168
7.124510 10.420831
12.054410 0.524694
-2.702178 -18.423712
-13.951370 -18.334467
9.629519 -18.167596
16.285636 19.573563
1.323360 10.303024
-7.071214 18.598295
3.898586 -3.066694
-4.986065 9.911859
14.557360 -5.697360
-6.135633 13.023777
0.742224 -19.626682
18.002328 4.243629
-15.738330 -14.379192
4.253281 -16.301469
-5.750784 10.862683
11.531147 13.347533
-15.505275 0.460674
3.511900 -3.380357
-9.838688 -1.208227
-7.266225 18.708845
-15.673324 -2.404896
-8.414808 -6.269342
-0.510141 12.235557
-15.746511 -16.716559
-10.454990 -4.952383
13.677165 -3.592201
18.200196 -2.048155
9.691231 7.194164
10.140764 9.020105
-18.552899 -6.719030
-2.728216 -5.924830
-5.575541 4.183855
-2.388974 -15.403486
-17.946410 -13.703847
-5.728830 -4.808600
2.996525 -8.696952
-9.336662 11.668710
-3.151818 -11.704319
-10.651552 10.865430
-19.033172 -4.535252
13.855143 -8.354580
-5.772488 -9.353857
12.180648 -4.843844
-16.405125 -2.470148
2.766576 18.801291
2.508572 -13.423981
11.467649 -3.722301
13.330812 -1.356268
3.466602 -7.989481
-13.105715 -4.347376
11.001408 -7.960731
-14.989114 -14.168314
19.661167 -2.390807
8.278941 7.005435
-14.190813 1.715095
10.635026 -1.476932
-9.595526 5.151706
12.774400 -18.313561
-19.218238 -8.592721
8.760232 -5.627475
9.746288 -13.164290
4.920852 -11.933219
6.961738 -14.783192
12.568573 18.195414
-8.569622 -12.163446
9.054356 13.432507
10.293255 -5.175079
-8.552800 4.194640
-7.373317 -12.636718
14.207055 -3.316327
11.908783 -16.526348
-8.116145 3.166409
11.467233 -15.130144
12.131135 -10.104556
-2.311073 -18.879865
-15.371804 -12.565876
4.739432 -5.043244
-18.613553 7.027649
5.515684 3.436454
-0.186308 3.361380
15.718897 -15.504099
4.167060 5.977416
11.414230 -10.573595
14.068479 -4.323922
13.803152 0.090846
3.040631 6.809273
14.471398 4.737737
8.230488 8.922777
-5.706486 4.438127
-1.248367 -3.801439
-17.019650 12.719052
13.642428 4.728873
1.776965 -8.403709
7.671710 14.759488
16.152365 6.267562
13.376971 -10.928022
3.944411 -2.192412
-13.666790 6.885776
0.604052 -10.646129
8.339647 -4.065921
-5.373278 2.096712
-4.456073 17.106887
-13.287525 2.346946
1.594112 -12.975439
-15.790550 9.624870
-3.535279 -1.037076
12.270278 -15.343128
-5.721574 -1.906036
-9.958971 6.806620
15.979204 -10.117620
-2.881469 19.739359
-3.679078 -15.206625
-12.976737 -1.154463
-13.692280 15.390187
-14.233313 -18.593291
-11.012991 -8.195599
19.845437 8.398008
9.950867 -17.668164
6.838529 14.662747
-4.376663 -1.228160
-2.796558 -15.804431
-17.468500 16.028791
-1.313621 -2.660035
0.145955 6.630643
-19.789477 1.219688
-6.515795 10.287800
-14.463139 -5.040240
6.162969 -5.069476
-16.887442 3.798792
14.969750 -19.458033
-15.040321 -17.528070
5.974324 12.959238
-14.144159 -17.921728
19.453185 14.284559
17.224292 1.808464
-12.823272 16.883249
5.128770 -7.896524
18.269048 6.656220
-12.605513 -15.345518
-2.963954 13.017486
-11.144991 11.508929
-4.111106 9.822419
-13.778405 -3.180707
-18.986138 8.589988
-16.725562 -8.290099
-0.846869 -16.232400
-19.645210 -7.497553
-16.114538 6.017516
7.002985 10.931398
-17.202230 -13.061119
1.472048 14.094168
8.499780 4.503442
-6.418086 -16.599628
-8.970897 11.132960
-10.171525 10.098114
-15.362280 7.418188
-8.266921 -19.137011
-7.369446 -18.959000
9.492887 -13.604281
6.380264 -18.592444
13.352857 3.790120
8.258439 17.983463
-14.694376 -6.096896
5.855571 -0.236393
10.789572 14.929613
-7.411651 0.591751
9.136833 -7.003934
-18.776606 -18.635847
-11.219181 9.815007
8.759062 0.863901
-10.022567 -3.013233
10.420698 1.453508
18.882584 -14.422263
-4.860084 -9.512268
17.132005 14.608386
0.380325 15.135319
17.366371 17.878887
-15.073575 -13.298916
-17.238981 13.071974
-13.138498 18.009273
-14.786104 14.210968
-15.350341 -5.783116
7.923149 -3.976001
-1.798914 -18.720376
-13.338928 13.785417
-3.396477 -10.150186
-7.502825 -5.759954
18.631315 13.291905