512
1.228125 5.393159
12.952668 16.161698
-2.512990 -19.270036
9.532353 -0.986524
14.635686 2.474397
-2.345430 -9.442777
-17.020290 8.628886
-12.678670 6.929475
-5.699510 10.903554
2.611455 19.434209
-15.687829 -15.107810
8.831102 13.587841
11.310540 18.278489
11.478898 14.040623
-19.794085 -19.262583
13.231509 15.932540
10.573240 10.778586
-8.471840 12.615456
16.159503 -13.853602
-0.828523 12.074428
12.888499 -9.913182
11.462050 0.874931
11.225233 -17.015313
6.075267 -6.589892
19.455685 10.804392
-12.327968 -18.715039
-12.010263 1.124760
2.274819 7.532493
10.816836 8.216464
-3.949240 -14.394537
3.958928 -19.662622
3.468843 4.237208
-13.548225 4.216473
-12.494664 1.086995
3.943071 -5.244476
-5.600487 -12.122232
19.769002 16.787284
10.821805 2.903512
-13.422320 2.249274
4.490947 -4.463335
-12.492514 -1.018730
-11.427614 14.660699
-18.560335 17.409009
7.484243 -18.867660
7.615321 -7.282244
-6.125686 -11.620967
4.768608 -11.931834
-11.998131 -5.064964
-19.952913 8.005143
6.979929 19.580741
19.255433 -19.755924
8.878209 -11.060515
-6.136513 12.219329
-13.638171 15.067313
-5.702781 -3.936321
2.995111 -10.678845
2.925336 8.041015
12.056236 7.088851
-0.712209 13.444733
0.566162 6.131258
2.103663 4.001201
-1.294611 16.594594
-15.426622 14.303813
7.594777 -8.613282
-6.896804 -2.740128
-8.826208 8.212077
15.914789 -19.958458
4.811549 -12.252611
-6.578676 4.059838
1.380123 0.159052
-12.759022 -10.084766
13.018760 8.801395
0.718272 -9.790807
1.642745 -0.129310
-11.999698 -4.449277
-12.143201 -9.426152
7.925767 -14.581604
13.576006 -16.438359
6.026255 8.809261
-1.144274 5.798121
-7.533849 5.332363
5.986757 -1.551770
-2.190071 -11.420587
-18.813002 -6.874576
-16.583604 -9.113952
-1.993338 4.638277
16.979852 -15.218746
-10.929558 13.428654
16.735136 -11.373091
-12.712765 8.278853
-19.051253 16.276798
-13.412944 -2.840340
8.869001 12.610271
4.022563 0.986344
-3.908207 -17.364459
1.610306 15.979997
13.673285 -9.524278
6.862160 4.335178
-9.437367 -15.805659
-2.394912 -1.606311
6.362155 -3.414494
-0.366692 -16.248952
-10.297149 7.594035
16.913340 13.979848
15.483314 19.716192
-4.158773 -11.347759
16.295598 -17.444804
-14.134667 -2.354859
7.197261 -18.343993
10.171637 -16.583765
14.357923 3.479573
3.338434 13.587427
0.071449 -16.068488
-3.964877 -3.075186
3.993268 -15.731192
-17.458315 -7.242573
17.730753 -19.470939
-17.937553 14.678710
-11.001105 2.061463
-0.150866 -16.371042
-2.497762 -0.875007
-1.124376 -0.140130
-3.386368 -8.649735
12.973360 12.970516
13.803733 13.765360
-9.274157 3.938138
16.687298 16.254177
-15.121274 7.687835
15.843409 -11.949527
18.615572 5.536621
6.957504 4.612148
-14.434896 14.409323
7.937233 -1.491401
-13.140500 -4.922682
4.546733 4.670837
12.881339 14.851743
9.874897 13.213166
14.965019 10.246826
3.342402 -7.274059
3.047454 -3.086402
1.346404 0.768441
-19.478901 10.522032
0.104293 -2.427714
15.917754 -18.020271
7.014400 -8.043383
-16.594854 0.410185
-5.053673 2.517454
-10.299293 9.521212
-3.533656 -1.300529
14.141603 -2.910207
10.956879 -6.950808
-9.376467 19.788958
-13.296143 -4.179267
3.882386 -7.564093
-18.779383 -0.007432
18.340406 -17.602004
-18.758348 -12.061269
6.347818 -16.573161
-19.817515 -4.791974
-10.361001 14.493267
-15.677435 -7.888432
8.680948 5.737694
3.407032 13.601019
-12.434689 13.717832
-4.685082 -19.283210
18.286810 -9.630930
11.475110 -4.441896
-8.776099 -15.037115
0.143629 17.728143
5.800822 10.686013
5.229806 -16.661641
12.791671 8.179800
9.813961 12.631940
-5.687878 12.932239
-10.679064 17.667995
13.867430 -5.079284
8.675792 4.995428
-8.612405 6.233391
-11.804254 -5.818443
-18.511511 -14.810257
-4.197648 -9.205630
-9.853988 -7.388499
4.672213 -14.775255
1.042063 -2.343422
14.391788 14.104733
12.982977 5.458669
18.154442 -18.602778
15.795193 -12.204636
0.641688 -1.479849
4.919176 -6.612743
-3.238067 -0.632338
6.094019 -8.019592
-17.022373 13.302435
8.016471 7.483558
14.072976 8.954151
2.486487 -5.679134
9.507363 19.356242
7.816361 -5.082795
16.760588 -1.106804
5.595793 -0.492565
9.852034 17.046151
-6.242293 -1.488893
-9.409507 -17.022414
2.296053 10.910754
-13.781413 4.120642
-12.208363 7.202096
-3.305632 -1.547521
-1.671673 6.340084
-16.049815 9.639478
19.867328 10.559283
-4.294705 12.067729
18.046890 14.803752
-5.550164 19.644509
4.870549 -9.495909
-8.517174 15.579574
4.711736 -11.784284
-12.257399 13.354588
12.851391 15.992924
-7.701918 3.469618
-6.236769 -0.154862
11.722592 -12.052403
7.387669 18.108533
-10.028990 17.318490
15.048218 -18.164201
0.428082 16.356543
-15.578619 17.185436
-5.143361 19.028091
-10.145553 -8.676793
2.884119 -10.163792
0.640873 -4.085932
-19.079293 -9.022151
17.166566 6.356750
-6.127778 8.726775
7.444846 4.091496
-13.837651 -19.309459
10.797738 -16.836704
6.706077 -7.480333
-15.597500 15.425818
11.355076 16.393563
0.886829 14.860666
1.522106 -14.820491
-3.869332 19.527056
-11.629810 0.943917
14.699962 -19.465803
-11.254389 -16.043030
-5.679343 19.368247
12.510683 -18.865531
-18.830943 5.500557
-3.656336 -18.157462
17.836341 -5.111739
-2.512519 -5.161752
11.535574 12.390527
7.844612 15.371443
-17.954721 -14.905751
1.327529 -9.617077
-19.237355 16.231761
19.784958 -8.405277
-0.149849 11.881840
11.165779 -17.410989
-1.879388 9.595363
17.657471 -14.709532
-3.370479 -14.354673
19.271956 19.477553
-12.866390 -8.422573
-9.698265 -7.260871
11.314856 5.407602
7.384203 -19.430409
-2.386263 -19.995638
14.603749 11.002815
2.979397 -8.820749
-2.760718 -18.091221
8.578581 17.828248
-5.707117 19.027382
17.802124 -16.305453
-13.921410 0.095002
19.084830 -1.822240
7.854558 15.335778
-2.002115 -1.611838
3.593871 -12.145910
-7.995692 16.347488
7.258723 -16.398328
8.813717 -18.790864
-1.171683 15.845901
4.743104 -5.946565
-12.415074 10.597601
1.105484 -15.646073
3.641523 3.551953
-2.686191 6.813453
-6.095358 2.886232
-13.619291 -18.446801
5.465851 -0.420930
4.546665 -11.052273
-10.190940 -7.090084
0.052980 -17.231086
7.522283 1.969396
11.962681 17.980391
15.587216 11.793875
9.901451 9.085888
-7.832490 -18.803638
5.992671 5.247065
1.483169 -14.905529
-19.429450 -4.716483
-10.988630 -17.287851
16.181558 12.828628
-13.312918 -15.328685
10.727799 -18.033182
17.912733 -18.272521
15.860979 -8.738125
-14.966273 -3.855224
-11.782613 -4.216888
-9.932505 -14.533021
-3.075313 4.267285
9.152819 -15.758231
12.078906 -12.953320
3.615582 4.893134
8.263163 -0.159762
-4.546857 -11.113036
0.717492 -18.028571
18.023366 1.770105
8.512227 13.164588
-6.406504 11.231983
2.610071 -7.588059
19.842713 -13.886467
-8.723642 7.988873
13.759378 1.198630
3.478479 -9.295443
-11.555363 17.227996
11.139031 -10.223606
-19.770304 8.449462
1.727034 -4.909172
-3.230080 -18.784533
-19.592832 -16.927640
2.169105 14.218178
16.661457 -4.927103
-18.893560 2.682844
-10.416301 -11.130001
-15.828369 6.741630
-11.262599 2.360148
0.604665 -18.037732
9.414122 -10.770077
2.321106 11.804405
10.641619 -1.387063
-11.675202 -15.211706
-13.238671 11.999145
3.982531 18.664733
-12.096001 -19.713327
4.064134 1.785859
-12.896209 9.076222
8.506086 12.077204
15.250309 -13.282199
9.489481 -12.251487
11.768760 -14.504546
2.353987 12.769843
-8.173216 7.972808
5.970191 -5.001284
4.726210 -7.458188
-6.279999 -8.306624
-8.890080 -6.163242
19.476380 -12.644830
8.575606 5.774718
-16.669898 12.362952
1.020983 19.024267
19.433961 -13.239928
17.539573 0.369404
-7.838038 2.209438
-11.601377 -2.947196
-4.754909 3.008618
-0.067242 12.740773
13.441683 -6.734195
4.398526 10.212072
3.281295 16.956134
-9.996128 -7.188544
-10.658423 -8.866004
-16.483541 -11.305575
1.999416 -17.661066
19.935663 6.732103
13.697438 -18.707483
4.833362 -1.202920
-1.236714 8.687446
13.305817 -9.008390
-14.234884 13.428914
10.280235 12.769271
7.959348 -16.330616
7.570268 -18.739984
-15.730449 -11.155048
12.127108 -7.388701
-19.135671 -10.636134
-6.652274 -18.913874
-0.124844 3.757430
-14.380702 -6.151123
-6.008239 3.222558
10.931976 9.680953
-18.006113 0.207735
10.211652 15.892211
14.397066 3.663040
-8.199812 -3.701476
4.391945 -0.954203
-15.627628 -4.753721
-13.135310 12.541914
-18.563056 -14.833055
5.728924 7.415369
8.725261 2.933002
15.849547 0.695086
2.729782 -12.992347
-19.747799 17.855609
-9.031744 -5.299046
-1.683623 3.085536
16.966304 11.231110
-13.229329 -11.868485
-16.564561 12.011702
3.964110 -15.576488
10.164107 18.218958
-12.750147 -6.231665
17.811888 -7.689247
-7.459407 11.800903
-10.523075 1.267838
-8.634182 -4.512212
-7.265181 1.021330
19.844821 -6.257517
3.351229 -17.371407
-18.376612 17.472466
12.724489 6.291283
-8.298407 -7.848543
-5.164341 -3.564142
5.987658 3.334123
-3.068188 -19.621933
0.328414 -5.661643
18.344946 -2.963768
-16.714223 8.012903
3.997576 -8.314326
5.952089 17.835939
2.976326 -16.343270
9.853051 6.560729
10.873274 1.481998
-10.300124 -19.773944
17.685680 -16.892463
12.953210 -2.569138
-4.955890 -12.642553
6.934298 -6.986330
4.004070 -18.448294
-9.193195 14.185658
0.992308 4.570000
6.415687 -12.773528
5.858453 4.989603
15.208783 5.711555
5.233823 -15.465097
13.129374 10.502691
-3.336553 -17.656396
-6.516604 -15.256941
-4.266935 -2.124746
-16.206043 -11.269095
2.999003 12.765813
-18.935149 13.848661
-2.795976 -17.860283
17.656415 -1.214970
-6.466794 18.095837
-8.234841 -7.188900
13.467044 -15.124188
17.149194 -8.231799
-2.603838 0.999388
-1.302725 11.537489
-0.619278 -13.118365
8.475315 -0.147327
11.051094 4.400906
-6.990000 -17.782486
19.858436 -10.473589
12.606640 5.617249
16.912765 16.545126
14.557891 15.720921
16.890142 -15.274070
-15.289442 17.361256
-10.890135 -11.915481
-16.598145 -4.809871
-17.580956 -17.189411
-5.279545 16.894727
-3.430813 16.173060
7.489847 14.148778
-17.772838 -5.495110
17.415395 17.872731
16.166014 -14.496884
-7.804662 11.687428
14.159460 7.538703
-17.696777 10.072124
12.637034 6.229619
4.696482 -17.480026
-11.681787 13.230660
0.621692 -15.687341
16.578597 19.622529
0.293589 -12.069272
-12.384694 -19.225182
11.977872 18.534094
-3.962384 13.452459
-10.951000 19.236197
8.796958 5.572886
19.819002 9.861714
15.019912 -17.867070
4.475126 9.888248
18.038381 -10.403327
17.401675 18.528372
-10.418006 1.074601
2.218114 1.520176
6.604168 2.194940
-4.743230 0.844633
8.410051 -6.641709
3.396719 12.237490
-12.487406 -11.315404
17.899344 1.349633
1.223512 -14.587453
6.037756 -0.673524
-5.602100 -6.259289
-16.098582 13.950262
7.353528 -0.632038